	dataset	model	predict_balance_accuracy	groundtruth_balance_accuracy
0	1	97	0.53794742	0.6733762
1	1	98	0.546940492	0.748037116
2	1	99	0.570616235	0.755531763
3	1	100	0.746645489	0.995360457
4	1	101	0.436138356	0.994289793
5	1	102	0.661599979	0.98965025
6	1	103	0.760860582	0.996074233
7	1	104	0.683915737	0.9985448
8	1	105	0.75637352	0.996788009
9	1	106	0.681115279	0.995003569
10	1	107	0.75630695	0.995003569
11	1	108	0.474400031	0.564239829
12	1	109	0.460390941	0.584939329
13	1	110	0.543534182	0.756245539
14	1	111	0.554842322	0.7337616
15	1	112	0.471679091	0.593147752
16	1	113	0.651509915	0.992862241
17	1	114	0.467162811	0.559957173
18	1	115	0.682196545	0.987508922
19	1	116	0.442902238	0.575660243
20	1	117	0.745685561	0.982869379
21	1	118	0.58158745	0.578158458
22	1	119	0.686164741	0.975374732
23	1	120	0.691949019	0.9808051
24	1	121	0.483456089	0.584582441
25	1	247	0.453022266	0.499286224
26	1	248	0.528206835	0.5
27	1	249	0.45321137	0.499643112
28	1	250	0.41550832	0.41184868
29	1	251	0.504922419	0.514989293
30	1	252	0.413526561	0.44468237
31	1	253	0.460361956	0.447537473
32	1	254	0.498052438	0.553890079
33	1	255	0.45888668	0.546395432
34	1	256	0.473042529	0.526766595
35	1	257	0.444110008	0.44111349
36	1	258	0.45321137	0.5
37	1	259	0.45321137	0.5
38	1	260	0.45321137	0.5
39	1	261	0.528845188	0.5
40	1	262	0.45374041	0.500713776
41	1	263	0.45321137	0.5
42	1	264	0.45321137	0.5
43	1	265	0.452979189	0.499643112
44	1	266	0.444641019	0.504282655
45	1	267	0.453635474	0.500713776
46	1	268	0.443651065	0.493219129
47	1	269	0.290262941	0.151677373
48	1	270	0.31457187	0.066738044
49	1	271	0.45321137	0.5
50	1	297	0.469673796	0.506067095
51	1	298	0.465707747	0.502855103
52	1	299	0.527717378	0.502141328
53	1	300	0.432322302	0.504639543
54	1	301	0.53578761	0.517844397
55	1	302	0.49908502	0.520342612
56	1	303	0.391838424	0.461099215
57	1	304	0.480198813	0.575303355
58	1	305	0.470900265	0.620985011
59	1	306	0.506497452	0.387937188
60	1	307	0.378735059	0.428265525
61	1	308	0.45321137	0.5
62	1	309	0.432048437	0.454675232
63	1	310	0.458034215	0.480014276
64	1	311	0.456102254	0.501427552
65	1	312	0.457185005	0.509279086
66	1	313	0.452378928	0.5
67	1	314	0.43961664	0.57958601
68	1	315	0.420679272	0.413276231
69	1	316	0.45321137	0.5
70	1	317	0.452761025	0.5
71	1	318	0.462985966	0.529978587
	1	319	0.484109225	0.453961456
73	1	320	0.40288431	0.429693076
74	1	321	0.457339717	0.510706638
75	1	3	0.602978805	0.799428979
76	1	373	0.556693665	0.762312634
77	1	374	0.596385732	0.8080514
78	1	375	0.544141402	0.996074233
79	1	376	0.732479659	0.996788009
80	1	377	0.693054608	0.9900914
81	1	378	0.771615092	0.99821556
82	1	379	0.677848549	0.998929336
83	1	380	0.758359335	0.996431121
84	1	381	0.735420324	0.994646681
85	1	382	0.754259119	0.997144897
86	1	383	0.475229042	0.536759458
87	1	384	0.486700071	0.658815132
88	1	385	0.584847672	0.813704497
89	1	386	0.577426153	0.76302641
90	1	387	0.479344992	0.625624554
91	1	388	0.665649395	0.974304069
92	1	389	0.495308874	0.630264097
93	1	390	0.741418853	0.992148465
94	1	391	0.495398155	0.606709493
95	1	392	0.682978392	0.991791577
96	1	393	0.50242197	0.606352605
97	1	394	0.67817056	0.990007138
98	1	395	0.763444569	0.989293362
99	1	396	0.558893856	0.706995004
100	1	422	0.503138339	0.5
101	1	423	0.46661751	0.518915061
102	1	424	0.565647184	0.563169165
103	1	425	0.327916364	0.284796574
104	1	426	0.414682454	0.459314775
105	1	427	0.455795614	0.518558173
106	1	428	0.500201363	0.507137759
107	1	429	0.576137309	0.574232691
108	1	430	0.479469955	0.513204854
109	1	431	0.440333468	0.476445396
110	1	432	0.393875401	0.349036403
111	1	433	0.45321137	0.5
112	1	434	0.496947997	0.526052819
113	1	435	0.44305086	0.517130621
114	1	436	0.485269836	0.528194147
115	1	437	0.522750286	0.502141328
116	1	438	0.4717949	0.525695931
117	1	439	0.45321137	0.5
118	1	440	0.432630524	0.267309065
119	1	441	0.45321137	0.5
120	1	442	0.504863577	0.5
121	1	443	0.521514396	0.528551035
122	1	444	0.162048261	0.8957882
123	1	445	0.735736376	0.937901499
124	1	446	0.458844322	0.520342612
125	1	1022	0.497334627	0.481798715
126	1	1023	0.490665447	0.48786581
127	1	1024	0.428426214	0.452177016
128	1	1025	0.414937085	0.394361171
129	1	1026	0.441359086	0.414346895
130	1	1027	0.484350063	0.431120628
131	1	1028	0.389227515	0.307637402
132	1	1029	0.498437868	0.374018558
133	1	1030	0.589090258	0.653818701
134	1	1031	0.493245074	0.501070664
135	1	1032	0.507679331	0.459671663
136	1	1033	0.45321137	0.5
137	1	1034	0.476363854	0.444325482
138	1	1035	0.499629953	0.483940043
139	1	1036	0.502202357	0.513204854
140	1	1037	0.454605651	0.427551749
141	1	1038	0.506604667	0.461099215
142	1	1039	0.477597792	0.41862955
143	1	1040	0.478237827	0.488579586
144	1	1041	0.532630806	0.467880086
145	1	1042	0.498763435	0.496431121
146	1	1043	0.456741426	0.4389163
147	1	1044	0.514695916	0.484296931
148	1	1045	0.589215209	0.46538187
149	1	1046	0.467628907	0.44111349
150	1	1347	0.503307385	0.500356888
151	1	1348	0.454794653	0.500713776
152	1	1349	0.578078647	0.578515346
153	1	1350	0.425419027	0.488222698
154	1	1351	0.420374159	0.417915774
155	1	1352	0.454931851	0.503568879
156	1	1353	0.420958774	0.429693076
157	1	1354	0.501979786	0.56923626
158	1	1355	0.440000804	0.45503212
159	1	1356	0.462818464	0.502498216
160	1	1357	0.456686195	0.526766595
161	1	1358	0.45321137	0.5
162	1	1359	0.502573226	0.500713776
163	1	1360	0.494787619	0.529978587
164	1	1361	0.456517845	0.500713776
165	1	1362	0.476479493	0.517130621
166	1	1363	0.473115806	0.462883655
167	1	1364	0.447358464	0.496431121
168	1	1365	0.384760156	0.248037116
169	1	1366	0.484274277	0.4985448
170	1	1367	0.511666398	0.513204854
171	1	1368	0.511766605	0.505353319
1	1	1369	0.731750025	0.913276231
173	1	1370	0.747116378	0.947180585
174	1	1371	0.475529698	0.551034975
175	1	14	0.485357305	0.518201285
176	1	1473	0.452351589	0.481441827
177	1	1474	0.496024891	0.519628837
178	1	1475	0.415632822	0.4900914
179	1	1476	0.465209844	0.493576017
180	1	1477	0.548887978	0.631334761
181	1	1478	0.486789171	0.575303355
182	1	1479	0.433374444	0.476802284
183	1	1480	0.57318394	0.618843683
184	1	1481	0.518592396	0.5895788
185	1	1482	0.456362022	0.516773733
186	1	1483	0.45321137	0.5
187	1	1484	0.45321137	0.5
188	1	1485	0.442329768	0.505710207
189	1	1486	0.448317885	0.47751606
190	1	1487	0.454954427	0.503211991
191	1	1488	0.451052456	0.495003569
192	1	1489	0.45321137	0.5
193	1	1490	0.45321137	0.5
194	1	1491	0.45321137	0.5
195	1	1492	0.453103232	0.5
196	1	1493	0.441093015	0.4808051
197	1	1494	0.576998777	0.592790864
198	1	1495	0.524434117	0.514989293
199	1	1496	0.45321137	0.5
200	1	1622	0.506963986	0.508208423
201	1	1623	0.458258517	0.507851535
202	1	1624	0.573136715	0.568522484
203	1	1625	0.439752849	0.481084939
204	1	1626	0.540267038	0.538900785
205	1	1627	0.564713497	0.736259814
206	1	1628	0.391001447	0.311206281
207	1	1629	0.443190867	0.537830121
208	1	1630	0.531690622	0.521770164
209	1	1631	0.41022197	0.505710207
210	1	1632	0.544552764	0.5688793
211	1	1633	0.45321137	0.5
212	1	1634	0.501213874	0.530692363
213	1	1635	0.500650686	0.562098501
214	1	1636	0.457308443	0.51391863
215	1	1637	0.498344841	0.5
216	1	1638	0.502423415	0.535331906
217	1	1639	0.487374168	0.480371163
218	1	1640	0.448850243	0.398286938
219	1	1641	0.45321137	0.5
220	1	1642	0.50460666	0.501427552
221	1	1643	0.504219738	0.5
222	1	1644	0.708614549	0.86509636
223	1	1645	0.745471066	0.947894361
224	1	1646	0.523676361	0.539614561
225	1	1797	0.440276157	0.433261956
226	1	1798	0.435285671	0.496074233
227	1	1799	0.47042802	0.457530335
228	1	1800	0.509917847	0.463954318
229	1	1801	0.587162235	0.61598858
230	1	1802	0.523584778	0.626695218
231	1	1803	0.600224154	0.628479657
232	1	1804	0.48848547	0.560670949
233	1	1805	0.502161898	0.512491078
234	1	1806	0.430681565	0.369735903
235	1	1807	0.473605314	0.457530335
236	1	1808	0.475687885	0.523911492
237	1	1809	0.461735767	0.473947181
238	1	1810	0.475620636	0.496431121
239	1	1811	0.461470521	0.496788009
240	1	1812	0.485636698	0.521770164
241	1	1813	0.495312556	0.496788009
242	1	1814	0.429307413	0.492862241
243	1	1815	0.515985939	0.548536759
244	1	1816	0.446687384	0.526052819
245	1	1817	0.524761761	0.634189864
246	1	1818	0.453436462	0.5
247	1	1819	0.526201871	0.521770164
248	1	1820	0.475993684	0.533904354
249	1	1821	0.486359572	0.526766595
250	10	322	0.499270357	0.557985758
251	10	323	0.625379904	0.679043744
252	10	324	0.638933901	0.6895331
253	10	325	0.449024479	0.498982706
254	10	326	0.444070741	0.523397762
255	10	327	0.731104542	0.920651068
256	10	328	0.323997991	0.322990844
257	10	329	0.312384777	0.309257375
258	10	330	0.431936694	0.476093591
259	10	331	0.496400172	0.553407935
260	10	332	0.426252978	0.486266531
261	10	333	0.42325481	0.486775178
262	10	334	0.451391539	0.500508647
263	10	335	0.512434353	0.517802645
264	10	336	0.479700357	0.54069176
265	10	337	0.448840117	0.5010194
266	10	338	0.49830493	0.500508647
267	10	339	0.498774921	0.5
268	10	340	0.497164289	0.508138352
269	10	341	0.448774921	0.5
270	10	342	0.56842782	0.534587996
271	10	343	0.494898552	0.503051882
2	10	344	0.825179818	0.845879959
273	10	345	0.822195878	0.856561546
274	10	346	0.531911151	0.566632757
275	10	2	0.669741176	0.623092574
276	10	3	0.70979312	0.682095626
277	10	4	0.731502798	0.695320448
278	10	5	0.783315757	0.746185148
279	10	6	0.752165601	0.684638861
280	10	7	0.775734706	0.757884028
281	10	8	0.760633216	0.707527976
282	10	9	0.799531623	0.789928789
283	10	730	0.81027954	0.81180061
284	10	731	0.776906603	0.7395737
285	10	732	0.836303871	0.871312309
286	10	733	0.522064551	0.538148525
287	10	734	0.640404763	0.6302279
288	10	735	0.655121444	0.589013225
289	10	736	0.655430595	0.6063023
290	10	737	0.619851746	0.589013225
291	10	738	0.749647599	0.3296033
292	10	739	0.680505861	0.671922686
293	10	740	0.809533818	0.8336431
294	10	741	0.507945547	0.5198333
295	10	742	0.778809825	0.756358087
296	10	743	0.604756454	0.6302279
297	10	744	0.734702155	0.681078332
298	10	745	0.77428224	0.745676501
299	10	746	0.629787594	0.626653103
300	10	1222	0.438349491	0.490844354
301	10	1223	0.626248761	0.631230926
302	10	1224	0.503813974	0.567141404
303	10	1225	0.453942166	0.510681587
304	10	1226	0.447416785	0.506612411
305	10	1227	0.747826276	0.950661241
306	10	1228	0.453687483	0.4240244
307	10	1229	0.470608063	0.550356053
308	10	1230	0.487712144	0.568667345
309	10	1231	0.616336642	0.733468973
310	10	1232	0.564388486	0.686673449
311	10	1233	0.448774921	0.5
312	10	1234	0.497888732	0.498982706
313	10	1235	0.469827911	0.477110885
314	10	1236	0.43602983	0.496439471
315	10	1237	0.454766189	0.508646999
316	10	1238	0.498270018	0.5
317	10	1239	0.448774921	0.5
318	10	1240	0.498595962	0.5
319	10	1241	0.448774921	0.5
320	10	1242	0.508300432	0.501525941
321	10	1243	0.448774921	0.5
322	10	1244	0.8270447	0.837741607
323	10	1245	0.823118909	0.856052899
324	10	1246	0.542022267	0.587995931
325	15	1	0.462586021	0.408794788
326	15	173	0.478528119	0.4576543
327	15	174	0.460569031	0.382736156
328	15	175	0.455404402	0.5
329	15	176	0.396201181	0.5
330	15	177	0.505084732	0.5
331	15	178	0.443216049	0.5
332	15	179	0.453125643	0.5
333	15	180	0.43930449	0.5
334	15	181	0.390650968	0.503257329
335	15	182	0.451796891	0.5
336	15	183	0.458455443	0.368078176
337	15	184	0.484107704	0.350162866
338	15	185	0.433876353	0.530944625
339	15	186	0.533702795	0.501628664
340	15	187	0.475628298	0.364820847
341	15	188	0.459915933	0.741042345
342	15	189	0.461931426	0.519543974
343	15	190	0.461276812	0.664495114
344	15	191	0.458954344	0.294788274
345	15	192	0.456698193	0.747557003
346	15	193	0.507733789	0.40228013
347	15	194	0.501900536	0.374592834
348	15	195	0.470340332	0.30781759
349	15	196	0.460785363	0.496742671
350	15	397	0.505208778	0.5
351	15	398	0.505499141	0.6896417
352	15	399	0.531354022	0.5
353	15	400	0.614570804	0.5
354	15	401	0.514097553	0.5
355	15	402	0.528504232	0.5
356	15	403	0.535762685	0.5
357	15	404	0.538099474	0.5
358	15	405	0.534135191	0.5
359	15	406	0.528078946	0.5
360	15	407	0.540973617	0.5
361	15	408	0.465326711	0.408794788
362	15	409	0.480489553	0.5
363	15	410	0.524234282	0.5
364	15	411	0.50549953	0.5
365	15	412	0.542615832	0.638436482
366	15	413	0.550506857	0.591205212
367	15	414	0.497439067	0.557003257
368	15	415	0.542597677	0.5
369	15	416	0.451115551	0.470684039
370	15	417	0.534611368	0.5
371	15	418	0.447362843	0.618892508
3	15	419	0.53794367	0.5
373	15	420	0.521918574	0.48534202
374	15	421	0.504882533	0.473941368
375	15	447	0.460955257	0.931596091
376	15	448	0.503469245	0.95276873
377	15	449	0.456886896	0.964169381
378	15	450	0.466322255	0.5
379	15	451	0.460994266	0.5
380	15	452	0.421609959	0.5
381	15	453	0.442014759	0.5
382	15	454	0.449417176	0.5
383	15	455	0.432849755	0.688925081
384	15	456	0.421708008	0.5
385	15	457	0.419162927	0.5
386	15	458	0.44146175	0.938110749
387	15	459	0.463083415	0.956026059
388	15	460	0.448681454	0.949511401
389	15	461	0.452855774	0.947882736
390	15	462	0.433527695	0.942996743
391	15	463	0.464680046	0.7752443
392	15	464	0.45967822	0.929967427
393	15	465	0.460386545	0.7768964
394	15	466	0.437985767	0.970684039
395	15	467	0.458841663	0.794788274
396	15	468	0.462782336	0.938110749
397	15	469	0.452193111	0.928338762
398	15	470	0.443436187	0.908794788
399	15	471	0.45367519	0.95276873
400	15	747	0.565263277	0.519543974
401	15	748	0.510300428	0.498371336
402	15	749	0.506810328	0.513029316
403	15	750	0.441063644	0.5
404	15	751	0.439427818	0.5
405	15	752	0.437564414	0.5
406	15	753	0.457468083	0.5
407	15	754	0.459839046	0.5
408	15	755	0.400785668	0.535830619
409	15	756	0.477515568	0.465798046
410	15	757	0.466150585	0.5
411	15	758	0.47931134	0.589576547
412	15	759	0.51940119	0.543973941
413	15	760	0.527544503	0.553745928
414	15	761	0.525951521	0.589576547
415	15	762	0.506407748	0.615635179
416	15	763	0.473904255	0.664495114
417	15	764	0.519294107	0.529315961
418	15	765	0.455028041	0.625407166
419	15	766	0.51754715	0.558631922
420	15	767	0.476876191	0.600977199
421	15	768	0.504182328	0.615635179
422	15	769	0.529605739	0.465798046
423	15	770	0.476506356	0.504885993
424	15	771	0.504354136	0.53257329
425	15	922	0.458574767	0.8013029
426	15	923	0.45420702	0.63029316
427	15	924	0.495789377	0.6638436
428	15	925	0.502596392	0.5
429	15	926	0.437784678	0.5
430	15	927	0.499060814	0.498371336
431	15	928	0.475581538	0.486970684
432	15	929	0.40622389	0.5
433	15	930	0.461298596	0.486970684
434	15	931	0.385912144	0.40228013
435	15	932	0.40730973	0.5
436	15	933	0.463090087	0.503257329
437	15	934	0.445649694	0.509771987
438	15	935	0.467621329	0.700325733
439	15	936	0.446407712	0.762214984
440	15	937	0.452485619	0.5276896
441	15	938	0.440876768	0.231270358
442	15	939	0.446868834	0.524429967
443	15	940	0.448377337	0.288273616
444	15	941	0.458841663	0.667752443
445	15	942	0.446105395	0.2768964
446	15	943	0.435668445	0.693811075
447	15	944	0.429392808	0.622149837
448	15	945	0.439360783	0.6638436
449	15	946	0.468430114	0.522801303
450	15	12	0.529353985	0.53257329
451	15	1273	0.52211056	0.509771987
452	15	1274	0.539462576	0.314332248
453	15	1275	0.546188743	0.5
454	15	1276	0.566633016	0.5
455	15	1277	0.508554825	0.5
456	15	1278	0.523335439	0.5
457	15	1279	0.533989254	0.5
458	15	1280	0.54535144	0.5
459	15	1281	0.512474488	0.5
460	15	1282	0.511321159	0.5
461	15	1283	0.458579219	0.5
462	15	1284	0.462613319	0.578175896
463	15	1285	0.514673392	0.407166124
464	15	1286	0.51652986	0.498371336
465	15	1287	0.514041352	0.5
466	15	1288	0.563302079	0.5
467	15	1289	0.496340061	0.5
468	15	1290	0.536815671	0.5
469	15	1291	0.482471184	0.469055375
470	15	1292	0.536516715	0.486970684
471	15	1293	0.489285842	0.5
4	15	1294	0.538999179	0.5
473	15	1295	0.544011979	0.5
474	15	1296	0.514992977	0.5
475	17	4	0.311469621	0.333333333
476	17	473	0.29935764	0.333333333
477	17	474	0.299489917	0.333333333
478	17	475	0.316544442	0.333333333
479	17	476	0.320131919	0.364453665
480	17	477	0.378691948	0.333333333
481	17	478	0.309260851	0.350276625
482	17	479	0.34176073	0.415629322
483	17	480	0.30849958	0.335408022
484	17	481	0.288895394	0.286652835
485	17	482	0.285040934	0.335408022
486	17	483	0.300361525	0.336099585
487	17	484	0.304195908	0.381396957
488	17	485	0.29935764	0.333333333
489	17	486	0.308435634	0.328838174
490	17	487	0.295361818	0.346818811
491	17	488	0.29935764	0.333333333
492	17	489	0.29873002	0.333333333
493	17	490	0.313124836	0.38208852
494	17	491	0.29935764	0.333333333
495	17	492	0.265552398	0.333333333
496	17	493	0.29935764	0.333333333
497	17	494	0.60233687	0.553250346
498	17	495	0.328073589	0.336099585
499	17	496	0.299219887	0.333333333
500	17	497	0.29935764	0.333333333
501	17	498	0.29935764	0.333333333
502	17	499	0.29935764	0.333333333
503	17	500	0.368609538	0.333333333
504	17	501	0.357882964	0.333333333
505	17	502	0.29967589	0.334370678
506	17	503	0.303409475	0.333333333
507	17	504	0.300149203	0.333333333
508	17	505	0.363084974	0.333333333
509	17	506	0.299360838	0.333333333
510	17	507	0.299899539	0.333333333
511	17	508	0.29935764	0.333333333
512	17	509	0.29935764	0.333333333
513	17	510	0.29935764	0.333333333
514	17	511	0.29935764	0.333333333
515	17	512	0.29935764	0.333333333
516	17	513	0.29935764	0.333333333
517	17	514	0.29935764	0.333333333
518	17	515	0.29935764	0.333333333
519	17	516	0.29935764	0.333333333
520	17	517	0.29935764	0.333333333
521	17	518	0.29935764	0.333333333
522	17	519	0.29935764	0.333333333
523	17	520	0.29935764	0.333333333
524	17	521	0.29935764	0.333333333
525	17	597	0.363609191	0.333333333
526	17	598	0.333418292	0.352697095
527	17	599	0.381152282	0.371715076
528	17	600	0.694026765	0.677385892
529	17	601	0.567867754	0.502074689
530	17	602	0.706395037	0.699515906
531	17	603	0.563170152	0.39626556
532	17	604	0.483813789	0.382434302
533	17	605	0.574113056	0.333333333
534	17	606	0.568274246	0.333333333
535	17	607	0.561015614	0.352005533
536	17	608	0.301918071	0.30428769
537	17	609	0.350996696	0.31120332
538	17	610	0.396631162	0.384163209
539	17	611	0.454456234	0.338520055
540	17	612	0.365662167	0.298063624
541	17	613	0.617421189	0.491701245
542	17	614	0.326319429	0.321922545
543	17	615	0.52264058	0.421161826
544	17	616	0.336943673	0.389004149
545	17	617	0.573402514	0.335062241
546	17	618	0.341018847	0.326071923
547	17	619	0.614507485	0.64626556
548	17	620	0.591164244	0.522475795
549	17	621	0.344829376	0.25242047
550	17	13	0.478840597	0.93153527
551	17	1373	0.4370149	0.782157676
552	17	1374	0.481526993	0.934301521
553	17	1375	0.654534634	0.970954357
554	17	1376	0.58026898	0.978907331
555	17	1377	0.496829702	0.995504841
556	17	1378	0.628129619	0.977178423
557	17	1379	0.638513381	0.968188105
558	17	1380	0.55446676	0.9730609
559	17	1381	0.605750431	0.978907331
560	17	1382	0.639690444	0.97406639
561	17	1383	0.318022557	0.425311203
562	17	1384	0.46587995	0.925311203
563	17	1385	0.55183361	0.98824343
564	17	1386	0.488922477	0.991355463
565	17	1387	0.442033075	0.926694329
566	17	1388	0.545851744	0.967150761
567	17	1389	0.345582208	0.482019364
568	17	1390	0.515251508	0.976141079
569	17	1391	0.311491868	0.344052559
570	17	1392	0.533883834	0.971991701
571	17	1393	0.363386881	0.645919779
5	17	1394	0.538820961	0.980636238
573	17	1395	0.556975929	0.983056708
574	17	1396	0.47885646	0.883471646
575	32	122	0.23914017	0.892595575
576	32	123	0.224960091	0.864970241
577	32	124	0.294434571	0.911541295
578	32	125	0.169749832	0.2
579	32	126	0.160769447	0.2
580	32	127	0.207776001	0.2
581	32	128	0.105296919	0.208291765
582	32	129	0.138687617	0.2
583	32	130	0.114731405	0.252362144
584	32	131	0.175823813	0.229504234
585	32	132	0.161171648	0.20104712
586	32	133	0.179903143	0.854767854
587	32	134	0.181760931	0.848400542
588	32	135	0.178676808	0.88732791
589	32	136	0.197807858	0.90388069
590	32	137	0.203436731	0.873604317
591	32	138	0.174517904	0.412865199
592	32	139	0.15846711	0.881458987
593	32	140	0.146077396	0.379180971
594	32	141	0.179409023	0.884183164
595	32	142	0.226897503	0.3302496
596	32	143	0.192699788	0.898462597
597	32	144	0.474054313	0.770258367
598	32	145	0.463320122	0.738534281
599	32	146	0.187525559	0.878776262
600	32	2	0.156543735	0.183658713
601	32	273	0.171903583	0.18115996
602	32	274	0.146249026	0.18976886
603	32	275	0.147839103	0.200609756
604	32	276	0.170153816	0.2
605	32	277	0.238491606	0.2
606	32	278	0.130811591	0.2
607	32	279	0.171790715	0.2
608	32	280	0.206232427	0.2
609	32	281	0.156759011	0.199991996
610	32	282	0.150387153	0.2
611	32	283	0.159860455	0.132291447
612	32	284	0.145108398	0.1709914
613	32	285	0.173688449	0.145098579
614	32	286	0.180290903	0.176705677
615	32	287	0.170432635	0.196493196
616	32	288	0.15846711	0.202079068
617	32	289	0.140069982	0.127619189
618	32	290	0.15846711	0.202216606
619	32	291	0.15846711	0.124007148
620	32	292	0.15846711	0.201287544
621	32	293	0.144017178	0.20333063
622	32	294	0.186356907	0.199597498
623	32	295	0.149040156	0.196833902
624	32	296	0.154039498	0.181890784
625	32	7	0.265198856	0.853900474
626	32	773	0.252377746	0.8944147
627	32	774	0.263429269	0.879860107
628	32	775	0.142591319	0.2
629	32	776	0.122965062	0.2
630	32	777	0.557783112	0.2
631	32	778	0.117839919	0.202432641
632	32	779	0.155042078	0.2
633	32	780	0.148229743	0.2
634	32	781	0.195301919	0.227119713
635	32	782	0.12329813	0.2
636	32	783	0.157073765	0.842209507
637	32	784	0.183454081	0.840659918
638	32	785	0.265850447	0.85524705
639	32	786	0.187356381	0.867161508
640	32	787	0.198087548	0.835792028
641	32	788	0.174112664	0.32105343
642	32	789	0.158212278	0.861593845
643	32	790	0.178860986	0.355550619
644	32	791	0.122363232	0.836228999
645	32	792	0.20138305	0.280476455
646	32	793	0.189037429	0.873608508
647	32	794	0.435890713	0.689401976
648	32	795	0.47322384	0.678070346
649	32	796	0.174243111	0.852066461
650	32	8	0.22022426	0.88841991
651	32	873	0.241508636	0.900705039
652	32	874	0.273242984	0.911984229
653	32	875	0.209746896	0.2
654	32	876	0.154990608	0.2
655	32	877	0.579578501	0.2
656	32	878	0.11943868	0.214385917
657	32	879	0.174918955	0.2
658	32	880	0.155378144	0.2
659	32	881	0.138169347	0.2592602
660	32	882	0.144041412	0.2
661	32	883	0.177663369	0.889212393
662	32	884	0.176147651	0.8620077
663	32	885	0.232774587	0.923342441
664	32	886	0.175082269	0.902065822
665	32	887	0.178422545	0.849965626
666	32	888	0.144745595	0.378219362
667	32	889	0.15846711	0.926168092
668	32	890	0.182908415	0.359788392
669	32	891	0.183228741	0.892886681
670	32	892	0.213528801	0.390309695
671	32	893	0.182917506	0.905209009
6	32	894	0.482673183	0.753996183
673	32	895	0.471273701	0.738446402
674	32	896	0.171885439	0.903441531
675	35	5	0.40990752	0.422439024
676	35	573	0.657805235	0.686829268
677	35	574	0.507696584	0.518292683
678	35	575	0.428395998	0.475609756
679	35	576	0.420209218	0.41195122
680	35	577	0.849196482	0.987804878
681	35	578	0.511741965	0.648536585
682	35	579	0.34092297	0.365365854
683	35	580	0.520087932	0.584878049
684	35	581	0.399696786	0.450487805
685	35	582	0.609869618	0.684878049
686	35	583	0.45	0.5
687	35	584	0.45	0.5
688	35	585	0.504055489	0.550243902
689	35	586	0.529924702	0.550243902
690	35	587	0.516424095	0.510731707
691	35	588	0.409361735	0.388780488
692	35	589	0.45	0.5
693	35	590	0.437105822	0.469512195
694	35	591	0.447794118	0.5
695	35	592	0.539349606	0.520731707
696	35	593	0.443791692	0.565121951
697	35	594	0.690661007	0.713902439
698	35	595	0.624537599	0.747804878
699	35	596	0.454411765	0.512195122
700	35	947	0.398809885	0.442926829
701	35	948	0.56629523	0.603658537
702	35	949	0.513477866	0.518292683
703	35	950	0.574598241	0.650731707
704	35	951	0.507625834	0.639756098
705	35	952	0.547422681	0.66
706	35	953	0.439016071	0.4682927
707	35	954	0.48261069	0.598536585
708	35	955	0.477630382	0.479756098
709	35	956	0.625515464	0.0731707
710	35	957	0.444064585	0.489512195
711	35	958	0.466350818	0.52
712	35	959	0.475833839	0.559756098
713	35	960	0.505056094	0.557317073
714	35	961	0.476174955	0.543658537
715	35	962	0.467101274	0.399756098
716	35	963	0.443132202	0.547560976
717	35	964	0.45	0.5
718	35	965	0.445815646	0.493902439
719	35	966	0.45	0.5
0	35	967	0.45	0.5
1	35	968	0.456958763	0.52
2	35	969	0.538773499	0.5
3	35	970	0.452319588	0.5
4	35	971	0.502696078	0.506097561
5	35	15	0.596816252	0.754390244
6	35	1573	0.66044547	0.795365854
7	35	1574	0.701402365	0.85804878
8	35	1575	0.877713766	0.975609756
9	35	1576	0.882011825	0.981707317
730	35	1577	0.870982413	0.969512195
731	35	1578	0.879692238	0.981707317
732	35	1579	0.88212553	0.981707317
733	35	1580	0.861362947	0.955609756
734	35	1581	0.859611886	0.961707317
735	35	1582	0.864023651	0.937317073
736	35	1583	0.45	0.5
737	35	1584	0.594360219	0.665853659
738	35	1585	0.630313826	0.737317073
739	35	1586	0.595747423	0.696097561
740	35	1587	0.52090661	0.546829268
741	35	1588	0.84768318	0.955609756
742	35	1589	0.44975898	0.506097561
743	35	1590	0.839531534	0.963414634
744	35	1591	0.503327775	0.594146341
745	35	1592	0.791320497	0.847804878
746	35	1593	0.550151607	0.583414634
747	35	1594	0.848961492	0.935609756
748	35	1595	0.834323833	0.955609756
749	35	1596	0.580488175	0.622439024
750	47	147	0.21346993	0.18621695
751	47	148	0.181608684	0.198287566
752	47	149	0.199311791	0.196665605
753	47	150	0.254999326	0.12695989
754	47	151	0.253964807	0.075954505
755	47	152	0.274379669	0.157023719
756	47	153	0.252044598	0.156904588
757	47	154	0.293164096	0.188011978
758	47	155	0.215148754	0.106116985
759	47	156	0.236939468	0.134447803
760	47	157	0.285542892	0.307924978
761	47	158	0.161274192	0.164898774
762	47	159	0.179503711	0.162498732
763	47	160	0.22162331	0.140288682
764	47	161	0.227693191	0.182632621
765	47	162	0.188000079	0.17658516
766	47	163	0.259319028	0.156510569
767	47	164	0.160313873	0.170712322
768	47	165	0.219406709	0.166136858
769	47	166	0.174919638	0.145882511
770	47	167	0.251680068	0.149152606
771	47	168	0.156759918	0.119875776
7	47	169	0.236585873	0.177856075
773	47	170	0.261938844	0.15092421
774	47	171	0.188417154	0.145331413
775	47	897	0.193114936	0.188530174
776	47	898	0.178590498	0.153341014
777	47	899	0.195222349	0.175579612
778	47	900	0.278154156	0.228318426
779	47	901	0.263051086	0.090711528
780	47	902	0.26983032	0.188587833
781	47	903	0.29069833	0.201507684
782	47	904	0.29046295	0.201555966
783	47	905	0.227991004	0.131294489
784	47	906	0.227457175	0.110465678
785	47	907	0.284042165	0.29677177
786	47	908	0.158581568	0.171011949
787	47	909	0.169477432	0.134697737
788	47	910	0.190554892	0.160107473
789	47	911	0.223465021	0.1611006
790	47	912	0.191267128	0.225286966
791	47	913	0.267962168	0.2118128
792	47	914	0.166447597	0.179796392
793	47	915	0.228849074	0.1757489
794	47	916	0.160192398	0.152687513
795	47	917	0.242824401	0.107152564
796	47	918	0.155178712	0.100684791
797	47	919	0.198135187	0.058521406
798	47	920	0.238176234	0.19685389
799	47	921	0.187953405	0.13924485
800	47	1147	0.173259911	0.23299862
801	47	1148	0.198549946	0.212355737
802	47	1149	0.175748115	0.19865736
803	47	1150	0.145465523	0.220780689
804	47	1151	0.171123291	0.253430098
805	47	1152	0.332427528	0.206106474
806	47	1153	0.149165902	0.143974683
807	47	1154	0.131956718	0.143840185
808	47	1155	0.159380531	0.221431273
809	47	1156	0.130960682	0.106078393
810	47	1157	0.143776131	0.17603806
811	47	1158	0.154744341	0.166835816
812	47	1159	0.158675894	0.166999023
813	47	1160	0.276800109	0.233902742
814	47	1161	0.221113678	0.167029955
815	47	1162	0.157717755	0.189277651
816	47	1163	0.200797795	0.222433438
817	47	1164	0.158043535	0.164520483
818	47	1165	0.217419155	0.322511751
819	47	1166	0.153813802	0.166666667
820	47	1167	0.184024602	0.204252736
821	47	1168	0.135204934	0.105150037
822	47	1169	0.229369381	0.266362973
823	47	1170	0.286508261	0.265057801
824	47	1171	0.153777336	0.166871609
825	47	1247	0.330743765	0.759410782
826	47	1248	0.317986256	0.79214292
827	47	1249	0.312974771	0.787609232
828	47	1250	0.352474019	0.921266906
829	47	1251	0.376429078	0.927829745
830	47	1252	0.340661736	0.89705022
831	47	1253	0.394711252	0.924765213
832	47	1254	0.410911937	0.924779574
833	47	1255	0.346043843	0.923340641
834	47	1256	0.363123447	0.915783203
835	47	1257	0.38767122	0.920739182
836	47	1258	0.184441952	0.238325662
837	47	1259	0.261295015	0.539139716
838	47	1260	0.346400054	0.791529764
839	47	1261	0.343682597	0.782598203
840	47	1262	0.296320526	0.5262967
841	47	1263	0.391561855	0.918888928
842	47	1264	0.261257322	0.583280782
843	47	1265	0.405363337	0.91811476
844	47	1266	0.243971462	0.535491168
845	47	1267	0.342336569	0.903237577
846	47	1268	0.291276509	0.6683508
847	47	1269	0.339649677	0.886396029
848	47	1270	0.345013074	0.8867093
849	47	1271	0.29383414	0.628559431
850	47	1447	0.325828229	0.742058117
851	47	1448	0.314365339	0.798913128
852	47	1449	0.302025233	0.782316019
853	47	1450	0.364623858	0.9238678
854	47	1451	0.388105865	0.931043
855	47	1452	0.346363171	0.9010613
856	47	1453	0.350911499	0.924842827
857	47	1454	0.400328623	0.927948794
858	47	1455	0.350330733	0.925213791
859	47	1456	0.354508269	0.915233212
860	47	1457	0.390566338	0.921393157
861	47	1458	0.158816311	0.193764257
862	47	1459	0.256597374	0.546358364
863	47	1460	0.346230414	0.80043098
864	47	1461	0.340675692	0.783090104
865	47	1462	0.263070351	0.562785202
866	47	1463	0.375358976	0.913451183
867	47	1464	0.23422294	0.494752478
868	47	1465	0.415078854	0.922084452
869	47	1466	0.251131344	0.538597022
870	47	1467	0.3425842	0.914742197
871	47	1468	0.278793126	0.661409052
8	47	1469	0.336505218	0.878385308
873	47	1470	0.33568224	0.88841296
874	47	1471	0.28808882	0.621504698
875	47	1847	0.156127784	0.179751431
876	47	1848	0.160029136	0.203638113
877	47	1849	0.171997658	0.200825776
878	47	1850	0.153034686	0.182889735
879	47	1851	0.129038378	0.111151128
880	47	1852	0.340221763	0.23414392
881	47	1853	0.175059309	0.146028599
882	47	1854	0.182761672	0.229190341
883	47	1855	0.150645905	0.104168937
884	47	1856	0.151428698	0.132109006
885	47	1857	0.151388715	0.148952512
886	47	1858	0.153842647	0.166666667
887	47	1859	0.151945765	0.087596489
888	47	1860	0.1731499	0.121767661
889	47	1861	0.222437455	0.155439019
890	47	1862	0.14058663	0.112824533
891	47	1863	0.201366254	0.276429339
892	47	1864	0.154599262	0.166666667
893	47	1865	0.160565025	0.153466626
894	47	1866	0.153813802	0.166666667
895	47	1867	0.155180313	0.168525807
896	47	1868	0.153813802	0.166666667
897	47	1869	0.235085433	0.246260048
898	47	1870	0.234375851	0.205462948
899	47	1871	0.154075696	0.170965342
900	61	11	0.818483771	0.925197796
901	61	1173	0.775435166	0.944824257
902	61	1174	0.749924321	0.836034753
903	61	1175	0.83433263	0.924543982
904	61	1176	0.823173899	0.934627646
905	61	1177	0.833953915	0.9066816
906	61	1178	0.829537645	0.953578191
907	61	1179	0.883431561	0.940325324
908	61	1180	0.847132303	0.952548794
909	61	1181	0.81843317	0.951516146
910	61	1182	0.841588318	0.942875086
911	61	1183	0.736278334	0.863819508
912	61	1184	0.777505708	0.884860705
913	61	1185	0.826021027	0.913300826
914	61	1186	0.799790493	0.89231359
915	61	1187	0.668246825	0.773793
916	61	1188	0.817031491	0.956758039
917	61	1189	0.493607505	0.563533693
918	61	1190	0.85216215	0.958491957
919	61	1191	0.57659935	0.800519843
920	61	1192	0.88786675	0.941236893
921	61	1193	0.74535631	0.928353103
922	61	1194	0.82201286	0.925925233
923	61	1195	0.847486595	0.953332706
924	61	1196	0.761800091	0.904231923
925	61	1522	0.448115706	0.498980344
926	61	1523	0.450176297	0.5
927	61	1524	0.534748278	0.499882959
928	61	1525	0.412851753	0.5387994
929	61	1526	0.571405219	0.68445545
930	61	1527	0.700650424	0.558548917
931	61	1528	0.516366855	0.524760831
932	61	1529	0.462730783	0.561426666
933	61	1530	0.482961811	0.529773122
934	61	1531	0.479238276	0.5713537
935	61	1532	0.390503541	0.39317377
936	61	1533	0.450176297	0.5
937	61	1534	0.450176297	0.5
938	61	1535	0.450176297	0.5
939	61	1536	0.450176297	0.5
940	61	1537	0.450176297	0.5
941	61	1538	0.450176297	0.5
942	61	1539	0.446764437	0.499531835
943	61	1540	0.448070832	0.489264742
944	61	1541	0.450176297	0.5
945	61	1542	0.450863802	0.501521536
946	61	1543	0.450176297	0.5
947	61	1544	0.494595049	0.498515285
948	61	1545	0.453233864	0.499684144
949	61	1546	0.450176297	0.5
950	61	1597	0.450176297	0.5
951	61	1598	0.463234811	0.558913902
952	61	1599	0.458191618	0.5207606
953	61	1600	0.456890767	0.511631823
954	61	1601	0.473245402	0.505020136
955	61	1602	0.818466713	0.9194389
956	61	1603	0.367474675	0.497969962
957	61	1604	0.453320693	0.364440945
958	61	1605	0.447108827	0.504150331
959	61	1606	0.555665946	0.606829763
960	61	1607	0.47434744	0.484565857
961	61	1608	0.450176297	0.5
962	61	1609	0.498378206	0.496021531
963	61	1610	0.458545596	0.507896399
964	61	1611	0.383156193	0.435985538
965	61	1612	0.450176297	0.5
966	61	1613	0.44157466	0.504488215
967	61	1614	0.450176297	0.5
968	61	1615	0.47791415	0.518886679
969	61	1616	0.450176297	0.5
970	61	1617	0.450176297	0.5
971	61	1618	0.450176297	0.5
9	61	1619	0.641412705	0.6486011
973	61	1620	0.458850992	0.505031594
974	61	1621	0.456085525	0.50276908
975	62	97	0.53794742	0.653832546
976	62	98	0.546940492	0.714315455
977	62	99	0.570616235	0.700506875
978	62	100	0.746645489	0.989127503
979	62	101	0.436138356	0.989618642
980	62	102	0.661599979	0.974299015
981	62	103	0.760860582	0.989123104
982	62	104	0.683915737	0.990113201
983	62	105	0.75637352	0.990112224
984	62	106	0.681115279	0.98961913
985	62	107	0.75630695	0.989620108
986	62	108	0.474400031	0.562178194
987	62	109	0.460390941	0.562688392
988	62	110	0.543534182	0.7132667
989	62	111	0.554842322	0.709408952
990	62	112	0.471679091	0.558911265
991	62	113	0.651509915	0.979735264
992	62	114	0.467162811	0.561373313
993	62	115	0.682196545	0.980231778
994	62	116	0.442902238	0.589196213
995	62	117	0.745685561	0.974786733
996	62	118	0.58158745	0.581171833
997	62	119	0.686164741	0.9678694
998	62	120	0.691949019	0.964419547
999	62	121	0.483456089	0.576523362
1000	62	247	0.453022266	0.5
1001	62	248	0.528206835	0.5
1002	62	249	0.45321137	0.5
1003	62	250	0.41550832	0.399006189
1004	62	251	0.504922419	0.516346864
1005	62	252	0.413526561	0.455462736
1006	62	253	0.460361956	0.454634397
1007	62	254	0.498052438	0.542747661
1008	62	255	0.45888668	0.54536658
1009	62	256	0.473042529	0.540466919
1010	62	257	0.444110008	0.440949457
1011	62	258	0.45321137	0.5
1012	62	259	0.45321137	0.5
1013	62	260	0.45321137	0.5
1014	62	261	0.528845188	0.5
1015	62	262	0.45374041	0.499504463
1016	62	263	0.45321137	0.5
1017	62	264	0.45321137	0.5
1018	62	265	0.452979189	0.500494071
1019	62	266	0.444641019	0.505921035
1020	62	267	0.453635474	0.500494071
1021	62	268	0.443651065	0.491083262
1022	62	269	0.290262941	0.156278467
1023	62	270	0.31457187	0.065260885
1024	62	271	0.45321137	0.5
1025	62	297	0.469673796	0.507950098
1026	62	298	0.465707747	0.517404401
1027	62	299	0.527717378	0.507949121
1028	62	300	0.432322302	0.503950614
1029	62	301	0.53578761	0.52166436
1030	62	302	0.49908502	0.511227779
1031	62	303	0.391838424	0.468561241
1032	62	304	0.480198813	0.598648561
1033	62	305	0.470900265	0.624875383
1034	62	306	0.506497452	0.397935946
1035	62	307	0.378735059	0.426201604
1036	62	308	0.45321137	0.5
1037	62	309	0.432048437	0.45269281
1038	62	310	0.458034215	0.482656686
1039	62	311	0.456102254	0.501484657
1040	62	312	0.457185005	0.523123605
1041	62	313	0.452378928	0.498023715
1042	62	314	0.43961664	0.583825938
1043	62	315	0.420679272	0.408829946
1044	62	316	0.45321137	0.5
1045	62	317	0.452761025	0.499011858
1046	62	318	0.462985966	0.532691774
1047	62	319	0.484109225	0.453143387
1048	62	320	0.40288431	0.416144251
1049	62	321	0.457339717	0.507423285
1050	62	3	0.602978805	0.776555713
1051	62	373	0.556693665	0.748354562
1052	62	374	0.596385732	0.770197785
1053	62	375	0.544141402	0.989123104
1054	62	376	0.732479659	0.990110758
1055	62	377	0.693054608	0.98368881
1056	62	378	0.771615092	0.993573166
1057	62	379	0.677848549	0.994561797
1058	62	380	0.758359335	0.990609227
1059	62	381	0.735420324	0.991103787
1060	62	382	0.754259119	0.987643823
1061	62	383	0.475229042	0.530180368
1062	62	384	0.486700071	0.638228498
1063	62	385	0.584847672	0.779058812
1064	62	386	0.577426153	0.7565925
1065	62	387	0.479344992	0.612048103
1066	62	388	0.665649395	0.961426287
1067	62	389	0.495308874	0.619292037
1068	62	390	0.741418853	0.982206597
1069	62	391	0.495398155	0.593271934
1070	62	392	0.682978392	0.978741746
1071	62	393	0.50242197	0.588912281
10	62	394	0.67817056	0.970833187
1073	62	395	0.763444569	0.974299504
1074	62	396	0.558893856	0.663410489
1075	62	422	0.503138339	0.500000489
1076	62	423	0.46661751	0.541116884
1077	62	424	0.565647184	0.529794298
1078	62	425	0.327916364	0.289276946
1079	62	426	0.414682454	0.45803474
1080	62	427	0.455795614	0.5075337
1081	62	428	0.500201363	0.508493528
1082	62	429	0.576137309	0.591739385
1083	62	430	0.479469955	0.510080322
1084	62	431	0.440333468	0.477822998
1085	62	432	0.393875401	0.341513607
1086	62	433	0.45321137	0.5
1087	62	434	0.496947997	0.52204261
1088	62	435	0.44305086	0.508373309
1089	62	436	0.485269836	0.531008707
1090	62	437	0.522750286	0.517140017
1091	62	438	0.4717949	0.509563771
1092	62	439	0.45321137	0.5
1093	62	440	0.432630524	0.267443986
1094	62	441	0.45321137	0.5
1095	62	442	0.504863577	0.499505929
1096	62	443	0.521514396	0.535058037
1097	62	444	0.162048261	0.890209181
1098	62	445	0.735736376	0.935217059
1099	62	446	0.458844322	0.523027332
1100	62	1022	0.497334627	0.471251999
1101	62	1023	0.490665447	0.456793454
1102	62	1024	0.428426214	0.431548911
1103	62	1025	0.414937085	0.3802425
1104	62	1026	0.441359086	0.424718902
1105	62	1027	0.484350063	0.430957589
1106	62	1028	0.389227515	0.313869569
1107	62	1029	0.498437868	0.364215956
1108	62	1030	0.589090258	0.677789376
1109	62	1031	0.493245074	0.514132585
1110	62	1032	0.507679331	0.4456144
1111	62	1033	0.45321137	0.5
1112	62	1034	0.476363854	0.416105156
1113	62	1035	0.499629953	0.481277098
1114	62	1036	0.502202357	0.491303664
1115	62	1037	0.454605651	0.412260099
1116	62	1038	0.506604667	0.466420755
1117	62	1039	0.477597792	0.411248011
1118	62	1040	0.478237827	0.489130435
1119	62	1041	0.532630806	0.449894051
1120	62	1042	0.498763435	0.49604792
1121	62	1043	0.456741426	0.419267504
1122	62	1044	0.514695916	0.475809573
1123	62	1045	0.589215209	0.467902969
1124	62	1046	0.467628907	0.43008429
1125	62	1347	0.503307385	0.500000489
1126	62	1348	0.454794653	0.50495244
1127	62	1349	0.578078647	0.547329181
1128	62	1350	0.425419027	0.508339589
1129	62	1351	0.420374159	0.421618129
1130	62	1352	0.454931851	0.502552945
1131	62	1353	0.420958774	0.421514037
1132	62	1354	0.501979786	0.551037403
1133	62	1355	0.440000804	0.453226954
1134	62	1356	0.462818464	0.491271898
1135	62	1357	0.456686195	0.530844505
1136	62	1358	0.45321137	0.5
1137	62	1359	0.502573226	0.5
1138	62	1360	0.494787619	0.5246769
1139	62	1361	0.456517845	0.494841819
1140	62	1362	0.476479493	0.531464659
1141	62	1363	0.473115806	0.466929976
1142	62	1364	0.447358464	0.498537823
1143	62	1365	0.384760156	0.24855004
1144	62	1366	0.484274277	0.497556523
1145	62	1367	0.511666398	0.5118368
1146	62	1368	0.511766605	0.508925046
1147	62	1369	0.731750025	0.912957957
1148	62	1370	0.747116378	0.948570663
1149	62	1371	0.475529698	0.549058186
1150	62	14	0.485357305	0.497373262
1151	62	1473	0.452351589	0.473691567
1152	62	1474	0.496024891	0.515183769
1153	62	1475	0.415632822	0.492573783
1154	62	1476	0.465209844	0.494043291
1155	62	1477	0.548887978	0.61695314
1156	62	1478	0.486789171	0.556600224
1157	62	1479	0.433374444	0.477622145
1158	62	1480	0.57318394	0.617451121
1159	62	1481	0.518592396	0.57158656
1160	62	1482	0.456362022	0.519264865
1161	62	1483	0.45321137	0.5
1162	62	1484	0.45321137	0.5
1163	62	1485	0.442329768	0.515837155
1164	62	1486	0.448317885	0.47027754
1165	62	1487	0.454954427	0.500993518
1166	62	1488	0.451052456	0.496543945
1167	62	1489	0.45321137	0.5
1168	62	1490	0.45321137	0.5
1169	62	1491	0.45321137	0.5
1170	62	1492	0.453103232	0.5
1171	62	1493	0.441093015	0.487828061
11	62	1494	0.576998777	0.579175023
1173	62	1495	0.524434117	0.4950982
1174	62	1496	0.45321137	0.5
1175	62	1622	0.506963986	0.50791589
1176	62	1623	0.458258517	0.503469738
1177	62	1624	0.573136715	0.556477561
1178	62	1625	0.439752849	0.47487421
1179	62	1626	0.540267038	0.537498094
1180	62	1627	0.564713497	0.708297659
1181	62	1628	0.391001447	0.31086116
1182	62	1629	0.443190867	0.545936888
1183	62	1630	0.531690622	0.529465406
1184	62	1631	0.41022197	0.473212645
1185	62	1632	0.544552764	0.58290377
1186	62	1633	0.45321137	0.5
1187	62	1634	0.501213874	0.529616902
1188	62	1635	0.500650686	0.541280597
1189	62	1636	0.457308443	0.507437945
1190	62	1637	0.498344841	0.507576735
1191	62	1638	0.502423415	0.543389807
1192	62	1639	0.487374168	0.470634776
1193	62	1640	0.448850243	0.3938089
1194	62	1641	0.45321137	0.5
1195	62	1642	0.50460666	0.503461919
1196	62	1643	0.504219738	0.5
1197	62	1644	0.708614549	0.864491092
1198	62	1645	0.745471066	0.945107767
1199	62	1646	0.523676361	0.525958039
1200	62	1797	0.440276157	0.442801613
1201	62	1798	0.435285671	0.522479993
1202	62	1799	0.47042802	0.483794369
1203	62	1800	0.509917847	0.450146218
1204	62	1801	0.587162235	0.613291833
1205	62	1802	0.523584778	0.61782595
1206	62	1803	0.600224154	0.630765629
1207	62	1804	0.48848547	0.547195279
1208	62	1805	0.502161898	0.511466262
1209	62	1806	0.430681565	0.359789841
1210	62	1807	0.473605314	0.45953699
1211	62	1808	0.475687885	0.519818068
1212	62	1809	0.461735767	0.468717135
1213	62	1810	0.475620636	0.503522028
1214	62	1811	0.461470521	0.520163576
1215	62	1812	0.485636698	0.510226442
1216	62	1813	0.495312556	0.502984952
1217	62	1814	0.429307413	0.50664186
1218	62	1815	0.515985939	0.5313668
1219	62	1816	0.446687384	0.522365638
1220	62	1817	0.524761761	0.625679775
1221	62	1818	0.453436462	0.5
1222	62	1819	0.526201871	0.522808396
1223	62	1820	0.475993684	0.5574745
1224	62	1821	0.486359572	0.5564698
1225	67	222	0.523823357	0.857895496
1226	67	223	0.509555392	0.898710159
1227	67	224	0.552384968	0.9276447
1228	67	225	0.536380185	0.977966102
1229	67	226	0.589279097	0.988165692
1230	67	227	0.516933328	0.984936386
1231	67	228	0.534400307	0.980225989
1232	67	229	0.579997755	0.987075879
1233	67	230	0.53400237	0.989325733
1234	67	231	0.5336077	0.979136176
1235	67	232	0.534330403	0.991050747
1236	67	233	0.486934571	0.773046092
1237	67	234	0.512456747	0.880333214
1238	67	235	0.520314562	0.940290449
1239	67	236	0.566433619	0.923167604
1240	67	237	0.549118029	0.877906532
1241	67	238	0.534973756	0.984966484
1242	67	239	0.502813997	0.931544988
1243	67	240	0.533305702	0.982696564
1244	67	241	0.504654816	0.92454147
1245	67	242	0.534366762	0.940621532
1246	67	243	0.50371583	0.915378393
1247	67	244	0.532393512	0.9881356
1248	67	245	0.534062997	0.976501941
1249	67	246	0.510775807	0.924561536
1250	67	347	0.546507898	0.649946387
1251	67	348	0.45112548	0.5
1252	67	349	0.484637883	0.456815089
1253	67	350	0.48943354	0.628641121
1254	67	351	0.478647738	0.521036889
1255	67	352	0.520062057	0.504255159
1256	67	353	0.410686246	0.368149012
1257	67	354	0.431415389	0.392928134
1258	67	355	0.459958846	0.495503427
1259	67	356	0.519945923	0.571332543
1260	67	357	0.373513029	0.414691774
1261	67	358	0.451173431	0.5
1262	67	359	0.501173431	0.5
1263	67	360	0.537564966	0.477585483
1264	67	361	0.50437646	0.482338
1265	67	362	0.451798342	0.473618766
1266	67	363	0.401546743	0.246617381
1267	67	364	0.451641884	0.501109878
1268	67	365	0.451317325	0.5
1269	67	366	0.451173431	0.5
1270	67	367	0.489034387	0.595829493
1271	67	368	0.450933674	0.5
12	67	369	0.459532257	0.500554939
1273	67	370	0.463640784	0.504994451
1274	67	371	0.449332133	0.512690231
1275	67	522	0.445521507	0.328732043
1276	67	523	0.45267509	0.502219756
1277	67	524	0.510076851	0.6067616
1278	67	525	0.450880549	0.496690432
1279	67	526	0.449366592	0.551623118
1280	67	527	0.522301496	0.488340011
1281	67	528	0.449346564	0.513733015
1282	67	529	0.43228411	0.577846335
1283	67	530	0.485090296	0.316433091
1284	67	531	0.451588284	0.427639095
1285	67	532	0.41574927	0.438169767
1286	67	533	0.451173431	0.5
1287	67	534	0.501173431	0.5
1288	67	535	0.506373803	0.515488127
1289	67	536	0.518051717	0.510998451
1290	67	537	0.450558687	0.4925305
1291	67	538	0.451173431	0.5
1292	67	539	0.462309831	0.712240637
1293	67	540	0.452865567	0.504429479
1294	67	541	0.451173431	0.5
1295	67	542	0.451413188	0.5
1296	67	543	0.451173431	0.5
1297	67	544	0.526256819	0.605911197
1298	67	545	0.48167163	0.505460976
1299	67	546	0.502564488	0.5
1300	67	622	0.543951363	0.502817961
1301	67	623	0.517642867	0.535231413
1302	67	624	0.505150127	0.526455226
1303	67	625	0.520607123	0.586067583
1304	67	626	0.517069662	0.505767603
1305	67	627	0.519385433	0.440403318
1306	67	628	0.523147568	0.554632956
1307	67	629	0.524012843	0.537425459
1308	67	630	0.52762675	0.514903717
1309	67	631	0.519709816	0.421921029
1310	67	632	0.525582155	0.508732294
1311	67	633	0.451173431	0.5
1312	67	634	0.456690247	0.47411539
1313	67	635	0.494056767	0.332355763
1314	67	636	0.500980508	0.478739881
1315	67	637	0.544160477	0.360719101
1316	67	638	0.491965746	0.393365815
1317	67	639	0.448153077	0.358715677
1318	67	640	0.494230329	0.477165359
1319	67	641	0.443430557	0.302227907
1320	67	642	0.488043216	0.467988487
1321	67	643	0.464535613	0.5226884
1322	67	644	0.521173131	0.5646022
1323	67	645	0.498731546	0.387518576
1324	67	646	0.515888109	0.334101469
1325	67	647	0.481276615	0.418021407
1326	67	648	0.496483675	0.561986995
1327	67	649	0.437938056	0.4101481
1328	67	650	0.535049788	0.61360008
1329	67	651	0.527792558	0.526067082
1330	67	652	0.499002434	0.518575092
1331	67	653	0.510441895	0.567941459
1332	67	654	0.490590915	0.52036
1333	67	655	0.512428829	0.5102549
1334	67	656	0.480197068	0.405093524
1335	67	657	0.515293412	0.591198731
1336	67	658	0.451384921	0.502774695
1337	67	659	0.510094636	0.43057118
1338	67	660	0.462662044	0.37065094
1339	67	661	0.518236495	0.5516243
1340	67	662	0.545691193	0.491925481
1341	67	663	0.497733004	0.517853358
1342	67	664	0.464766269	0.603685798
1343	67	665	0.502304733	0.496150542
1344	67	666	0.453230376	0.538614973
1345	67	667	0.485947646	0.447376111
1346	67	668	0.448110575	0.481225506
1347	67	669	0.495005983	0.493007769
1348	67	670	0.532221474	0.515035397
1349	67	671	0.47481401	0.517739862
1350	67	1747	0.503377581	0.490758542
1351	67	1748	0.452043809	0.499989967
1352	67	1749	0.441631436	0.362420913
1353	67	1750	0.49189017	0.732163886
1354	67	1751	0.482616153	0.502271174
1355	67	1752	0.434046423	0.482395581
1356	67	1753	0.458642264	0.506926391
1357	67	1754	0.483962653	0.53419051
1358	67	1755	0.459670345	0.346199765
1359	67	1756	0.433076776	0.2899553
1360	67	1757	0.427018355	0.37061269
1361	67	1758	0.451173431	0.5
1362	67	1759	0.451760483	0.487999523
1363	67	1760	0.451173431	0.5
1364	67	1761	0.451173431	0.5
1365	67	1762	0.452435066	0.496760661
1366	67	1763	0.450933674	0.5
1367	67	1764	0.451173431	0.5
1368	67	1765	0.450933674	0.5
1369	67	1766	0.45112548	0.5
1370	67	1767	0.450933674	0.5
1371	67	1768	0.451173431	0.5
13	67	1769	0.47443499	0.57740113
1373	67	1770	0.452976118	0.5
1374	67	1771	0.45036026	0.497780244
