(686,0)	[0.939]
(318,0)	[0.938]
(596,1)	[0.949]
(708,1)	[0.947]
(795,1)	[0.946]
(597,1)	[0.925]
(950,1)	[0.914]
(841,1)	[0.905]
(641,1)	[0.901]
(868,1)	[0.883]
(772,1)	[0.851]
(527,1)	[0.508]
(318,1)	[0.501]
(102,2)	[0.815]
(101,2)	[0.8]
(319,3)	[0.946]
(177,3)	[0.922]
(178,3)	[0.91]
(675,3)	[0.886]
(791,3)	[0.87]
(277,3)	[0.807]
(456,3)	[0.778]
(978,3)	[0.502]
(368,3)	[0.498]
(857,3)	[0.497]
(556,4)	[0.934]
(273,4)	[0.932]
(333,4)	[0.932]
(823,4)	[0.932]
(457,4)	[0.931]
(751,4)	[0.931]
(335,4)	[0.917]
(601,4)	[0.84]
(758,4)	[0.765]
(153,4)	[0.761]
(759,4)	[0.748]
(676,4)	[0.737]
(672,4)	[0.693]
(700,4)	[0.583]
(816,4)	[0.581]
(674,4)	[0.55]
(675,4)	[0.542]
(673,4)	[0.502]
(116,5)	[0.48]
(152,6)	[0.818]
(736,7)	[0.925]
(609,7)	[0.924]
(721,7)	[0.924]
(767,7)	[0.922]
(195,8)	[0.624]
(193,8)	[0.607]
(194,8)	[0.59]
(818,9)	[0.814]
(819,9)	[0.812]
(236,10)	[0.549]
(218,10)	[0.548]
(214,10)	[0.537]
(227,10)	[0.536]
(210,10)	[0.532]
(217,10)	[0.513]
(235,10)	[0.51]
(226,10)	[0.503]
(209,10)	[0.499]
(213,10)	[0.494]
(216,11)	[0.896]
(238,11)	[0.895]
(220,11)	[0.892]
(229,11)	[0.89]
(212,11)	[0.888]
(219,11)	[0.882]
(215,11)	[0.879]
(237,11)	[0.878]
(228,11)	[0.876]
(211,11)	[0.868]
(560,12)	[0.788]
(561,12)	[0.761]
(259,13)	[0.716]
(611,14)	[0.9768]
(612,14)	[0.9765]
(281,14)	[0.9742]
(615,14)	[0.9739]
(740,14)	[0.9729]
(768,14)	[0.9703]
(761,14)	[0.9529]
(143,14)	[0.9506]
(678,14)	[0.9506]
(834,14)	[0.95]
(241,14)	[0.949]
(113,14)	[0.9487]
(864,14)	[0.9487]
(550,14)	[0.9477]
(679,14)	[0.9474]
(991,14)	[0.9474]
(586,14)	[0.9471]
(621,14)	[0.9471]
(256,14)	[0.9468]
(733,14)	[0.9468]
(743,14)	[0.9468]
(70,14)	[0.9465]
(665,14)	[0.9461]
(160,14)	[0.9458]
(252,14)	[0.9458]
(824,14)	[0.9458]
(861,14)	[0.9455]
(284,14)	[0.9448]
(828,14)	[0.9448]
(507,14)	[0.9432]
(489,14)	[0.9429]
(875,14)	[0.9429]
(547,14)	[0.9426]
(200,14)	[0.941]
(342,14)	[0.9406]
(737,14)	[0.94]
(739,14)	[0.94]
(918,14)	[0.9394]
(648,14)	[0.939]
(896,14)	[0.9368]
(514,14)	[0.9352]
(734,14)	[0.9332]
(614,14)	[0.9323]
(738,14)	[0.9319]
(336,14)	[0.931]
(266,14)	[0.9306]
(964,14)	[0.9303]
(613,14)	[0.9255]
(865,14)	[0.92]
(285,14)	[0.9187]
(343,14)	[0.9187]
(666,14)	[0.9187]
(687,14)	[0.9187]
(144,14)	[0.9184]
(161,14)	[0.9184]
(242,14)	[0.9184]
(288,14)	[0.9184]
(345,14)	[0.9184]
(508,14)	[0.9184]
(515,14)	[0.9184]
(551,14)	[0.9184]
(598,14)	[0.9184]
(829,14)	[0.9184]
(835,14)	[0.9184]
(962,14)	[0.9184]
(982,14)	[0.9184]
(548,14)	[0.9181]
(114,14)	[0.9177]
(876,14)	[0.9177]
(71,14)	[0.9174]
(176,14)	[0.9174]
(587,14)	[0.9174]
(744,14)	[0.9174]
(862,14)	[0.9174]
(919,14)	[0.9174]
(992,14)	[0.9174]
(250,14)	[0.9171]
(620,14)	[0.9171]
(649,14)	[0.9171]
(304,14)	[0.9168]
(732,14)	[0.9168]
(965,14)	[0.9165]
(201,14)	[0.9161]
(257,14)	[0.9161]
(337,14)	[0.9161]
(622,14)	[0.9161]
(881,14)	[0.9161]
(262,14)	[0.9158]
(904,14)	[0.9158]
(348,14)	[0.9155]
(253,14)	[0.9152]
(825,14)	[0.9152]
(173,14)	[0.9148]
(267,14)	[0.9148]
(490,14)	[0.9135]
(463,14)	[0.9116]
(844,14)	[0.9116]
(151,14)	[0.9113]
(897,14)	[0.8532]
(903,14)	[0.8265]
(532,15)	[0.976]
(506,15)	[0.974]
(582,16)	[0.8691]
(581,16)	[0.8689]
(583,16)	[0.828]
(579,16)	[0.8235]
(578,16)	[0.8167]
(584,16)	[0.8038]
(580,16)	[0.6745]
(473,17)	[0.497]
(307,18)	[0.945]
(180,18)	[0.9425]
(680,18)	[0.9425]
(458,18)	[0.9415]
(669,18)	[0.9405]
(882,18)	[0.939]
(332,18)	[0.9385]
(572,18)	[0.9385]
(248,18)	[0.938]
(921,18)	[0.9375]
(88,18)	[0.937]
(308,18)	[0.937]
(311,18)	[0.937]
(96,18)	[0.9365]
(186,18)	[0.9365]
(995,18)	[0.9365]
(85,18)	[0.936]
(258,18)	[0.936]
(883,18)	[0.936]
(985,18)	[0.9355]
(87,18)	[0.9345]
(158,18)	[0.934]
(633,18)	[0.934]
(643,18)	[0.934]
(745,18)	[0.934]
(79,18)	[0.9335]
(301,18)	[0.9335]
(251,18)	[0.933]
(989,18)	[0.933]
(617,18)	[0.9325]
(730,18)	[0.9325]
(997,18)	[0.9325]
(757,18)	[0.932]
(652,18)	[0.9315]
(850,18)	[0.9315]
(590,18)	[0.931]
(553,18)	[0.9305]
(650,18)	[0.9305]
(845,18)	[0.9305]
(239,18)	[0.9295]
(309,18)	[0.9295]
(677,18)	[0.9295]
(185,18)	[0.929]
(302,18)	[0.929]
(563,18)	[0.929]
(863,18)	[0.929]
(879,18)	[0.929]
(182,18)	[0.9285]
(317,18)	[0.9285]
(377,18)	[0.9285]
(509,18)	[0.9285]
(891,18)	[0.9285]
(912,18)	[0.9285]
(68,18)	[0.928]
(77,18)	[0.928]
(184,18)	[0.928]
(280,18)	[0.928]
(651,18)	[0.928]
(735,18)	[0.928]
(910,18)	[0.928]
(936,18)	[0.928]
(968,18)	[0.928]
(67,18)	[0.9275]
(78,18)	[0.9275]
(154,18)	[0.9275]
(269,18)	[0.9275]
(746,18)	[0.9275]
(958,18)	[0.9275]
(69,18)	[0.927]
(148,18)	[0.927]
(202,18)	[0.927]
(470,18)	[0.927]
(492,18)	[0.927]
(505,18)	[0.927]
(685,18)	[0.927]
(789,18)	[0.927]
(796,18)	[0.927]
(799,18)	[0.927]
(877,18)	[0.927]
(878,18)	[0.927]
(920,18)	[0.927]
(938,18)	[0.927]
(183,18)	[0.9265]
(254,18)	[0.9265]
(276,18)	[0.9265]
(310,18)	[0.9265]
(565,18)	[0.9265]
(602,18)	[0.9265]
(636,18)	[0.9265]
(642,18)	[0.9265]
(750,18)	[0.9265]
(802,18)	[0.9265]
(817,18)	[0.9265]
(831,18)	[0.9265]
(103,18)	[0.926]
(145,18)	[0.926]
(295,18)	[0.926]
(316,18)	[0.926]
(494,18)	[0.926]
(497,18)	[0.926]
(534,18)	[0.926]
(797,18)	[0.926]
(805,18)	[0.926]
(909,18)	[0.926]
(987,18)	[0.926]
(305,18)	[0.9255]
(554,18)	[0.9255]
(716,18)	[0.9255]
(787,18)	[0.9255]
(821,18)	[0.9255]
(822,18)	[0.9255]
(908,18)	[0.9255]
(973,18)	[0.9255]
(192,18)	[0.925]
(462,18)	[0.925]
(545,18)	[0.925]
(593,18)	[0.925]
(610,18)	[0.925]
(625,18)	[0.925]
(660,18)	[0.925]
(725,18)	[0.925]
(752,18)	[0.925]
(762,18)	[0.925]
(786,18)	[0.925]
(801,18)	[0.925]
(874,18)	[0.925]
(892,18)	[0.925]
(894,18)	[0.925]
(907,18)	[0.925]
(963,18)	[0.925]
(334,18)	[0.9245]
(246,18)	[0.9245]
(247,18)	[0.9245]
(263,18)	[0.9245]
(292,18)	[0.9245]
(296,18)	[0.9245]
(374,18)	[0.9245]
(461,18)	[0.9245]
(491,18)	[0.9245]
(512,18)	[0.9245]
(549,18)	[0.9245]
(555,18)	[0.9245]
(588,18)	[0.9245]
(594,18)	[0.9245]
(663,18)	[0.9245]
(728,18)	[0.9245]
(729,18)	[0.9245]
(793,18)	[0.9245]
(808,18)	[0.9245]
(859,18)	[0.9245]
(880,18)	[0.9245]
(889,18)	[0.9245]
(931,18)	[0.9245]
(974,18)	[0.9245]
(110,18)	[0.924]
(111,18)	[0.924]
(118,18)	[0.924]
(150,18)	[0.924]
(159,18)	[0.924]
(275,18)	[0.924]
(283,18)	[0.924]
(294,18)	[0.924]
(312,18)	[0.924]
(487,18)	[0.924]
(488,18)	[0.924]
(573,18)	[0.924]
(624,18)	[0.924]
(681,18)	[0.924]
(683,18)	[0.924]
(709,18)	[0.924]
(722,18)	[0.924]
(849,18)	[0.924]
(888,18)	[0.924]
(905,18)	[0.924]
(906,18)	[0.924]
(937,18)	[0.924]
(986,18)	[0.924]
(993,18)	[0.924]
(142,18)	[0.9235]
(535,18)	[0.9235]
(664,18)	[0.9235]
(833,18)	[0.9235]
(935,18)	[0.9235]
(966,18)	[0.9235]
(979,18)	[0.9235]
(112,18)	[0.923]
(149,18)	[0.923]
(274,18)	[0.923]
(324,18)	[0.923]
(350,18)	[0.923]
(465,18)	[0.923]
(495,18)	[0.923]
(540,18)	[0.923]
(562,18)	[0.923]
(704,18)	[0.923]
(726,18)	[0.923]
(794,18)	[0.923]
(842,18)	[0.923]
(847,18)	[0.923]
(848,18)	[0.923]
(856,18)	[0.923]
(884,18)	[0.923]
(969,18)	[0.923]
(988,18)	[0.923]
(467,18)	[0.9225]
(536,18)	[0.9225]
(589,18)	[0.9225]
(623,18)	[0.9225]
(742,18)	[0.9225]
(953,18)	[0.9225]
(954,18)	[0.9225]
(98,18)	[0.922]
(147,18)	[0.922]
(156,18)	[0.922]
(268,18)	[0.922]
(286,18)	[0.922]
(627,18)	[0.922]
(809,18)	[0.922]
(827,18)	[0.922]
(981,18)	[0.922]
(72,18)	[0.9215]
(86,18)	[0.9215]
(203,18)	[0.9215]
(272,18)	[0.9215]
(634,18)	[0.9215]
(667,18)	[0.9215]
(710,18)	[0.9215]
(711,18)	[0.9215]
(764,18)	[0.9215]
(810,18)	[0.9215]
(811,18)	[0.9215]
(813,18)	[0.9215]
(832,18)	[0.9215]
(928,18)	[0.9215]
(984,18)	[0.9215]
(115,18)	[0.921]
(595,18)	[0.921]
(603,18)	[0.921]
(616,18)	[0.921]
(724,18)	[0.921]
(911,18)	[0.921]
(913,18)	[0.921]
(983,18)	[0.921]
(279,18)	[0.9205]
(344,18)	[0.9205]
(516,18)	[0.9205]
(853,18)	[0.9205]
(157,18)	[0.92]
(464,18)	[0.92]
(585,18)	[0.92]
(930,18)	[0.92]
(916,18)	[0.9195]
(566,18)	[0.919]
(915,18)	[0.919]
(957,18)	[0.919]
(351,18)	[0.9185]
(770,18)	[0.9185]
(607,18)	[0.918]
(119,18)	[0.9175]
(747,18)	[0.9175]
(485,18)	[0.917]
(606,18)	[0.917]
(120,18)	[0.9165]
(341,18)	[0.9165]
(513,18)	[0.9165]
(658,18)	[0.915]
(705,18)	[0.913]
(741,18)	[0.913]
(196,18)	[0.912]
(637,18)	[0.903]
(599,18)	[0.902]
(576,18)	[0.901]
(836,18)	[0.9005]
(631,18)	[0.9]
(191,18)	[0.896]
(375,18)	[0.8955]
(798,18)	[0.8945]
(632,18)	[0.892]
(73,18)	[0.8885]
(917,18)	[0.8885]
(893,18)	[0.838]
(347,18)	[0.834]
(898,18)	[0.7825]
(155,18)	[0.6]
(608,18)	[0.39]
(320,19)	[0.99]
(298,20)	[0.933]
(299,20)	[0.929]
(575,21)	[0.98]
(199,22)	[0.814]
(198,22)	[0.788]
(197,22)	[0.749]
(533,23)	[0.871]
(872,23)	[0.834]
(469,23)	[0.831]
(850,23)	[0.782]
(985,23)	[0.779]
(995,23)	[0.777]
(921,23)	[0.754]
(997,23)	[0.724]
(197,23)	[0.67]
(600,23)	[0.071]
(469,24)	[0.742]
(872,25)	[0.992]
(325,25)	[0.978]
(718,25)	[0.89]
(720,25)	[0.875]
(940,25)	[0.862]
(443,26)	[0.9926]
(413,26)	[0.9902]
(441,26)	[0.9877]
(442,26)	[0.9877]
(769,26)	[0.9644]
(707,26)	[0.9584]
(187,26)	[0.945]
(754,26)	[0.9438]
(766,26)	[0.9427]
(697,26)	[0.9404]
(706,26)	[0.9399]
(530,26)	[0.9358]
(990,26)	[0.9356]
(175,26)	[0.9346]
(480,26)	[0.9335]
(524,26)	[0.9323]
(846,26)	[0.9323]
(950,26)	[0.9323]
(932,26)	[0.9278]
(902,26)	[0.9255]
(527,26)	[0.9246]
(357,26)	[0.9232]
(692,26)	[0.9232]
(760,26)	[0.922]
(763,26)	[0.9209]
(765,26)	[0.9197]
(803,26)	[0.9157]
(947,26)	[0.9154]
(528,26)	[0.9153]
(866,26)	[0.9153]
(696,26)	[0.9151]
(886,26)	[0.9151]
(476,26)	[0.9141]
(945,26)	[0.914]
(346,26)	[0.9128]
(521,26)	[0.9125]
(260,26)	[0.9119]
(121,26)	[0.911]
(291,26)	[0.911]
(522,26)	[0.91]
(354,26)	[0.9099]
(942,26)	[0.9087]
(355,26)	[0.9084]
(136,26)	[0.9083]
(106,26)	[0.9068]
(313,26)	[0.906]
(372,26)	[0.9048]
(97,26)	[0.9037]
(109,26)	[0.9037]
(790,26)	[0.9037]
(166,26)	[0.9033]
(526,26)	[0.902]
(99,26)	[0.9014]
(240,26)	[0.9014]
(271,26)	[0.9014]
(289,26)	[0.9014]
(496,26)	[0.9014]
(654,26)	[0.9014]
(661,26)	[0.9014]
(684,26)	[0.9014]
(871,26)	[0.9014]
(948,26)	[0.9013]
(107,26)	[0.8989]
(943,26)	[0.8981]
(164,26)	[0.8968]
(290,26)	[0.8968]
(693,26)	[0.8949]
(411,26)	[0.8946]
(367,26)	[0.8945]
(370,26)	[0.8943]
(695,26)	[0.8922]
(899,26)	[0.886]
(376,26)	[0.8853]
(412,26)	[0.8848]
(365,26)	[0.8847]
(571,26)	[0.8824]
(498,26)	[0.8775]
(502,26)	[0.875]
(694,26)	[0.8746]
(815,26)	[0.8676]
(946,26)	[0.8657]
(424,26)	[0.8635]
(452,26)	[0.8635]
(901,26)	[0.8634]
(690,26)	[0.8627]
(933,26)	[0.8627]
(557,26)	[0.8616]
(353,26)	[0.8603]
(499,26)	[0.8603]
(857,26)	[0.8603]
(860,26)	[0.8603]
(450,26)	[0.8601]
(75,26)	[0.8578]
(95,26)	[0.8578]
(245,26)	[0.8578]
(503,26)	[0.8578]
(520,26)	[0.8578]
(755,26)	[0.8567]
(165,26)	[0.8554]
(475,26)	[0.8554]
(858,26)	[0.8554]
(972,26)	[0.8554]
(926,26)	[0.8549]
(451,26)	[0.8544]
(501,26)	[0.8529]
(970,26)	[0.8529]
(428,26)	[0.8505]
(500,26)	[0.8505]
(971,26)	[0.8505]
(519,26)	[0.8501]
(244,26)	[0.8486]
(146,26)	[0.848]
(659,26)	[0.848]
(934,26)	[0.848]
(133,26)	[0.8456]
(303,26)	[0.8456]
(504,26)	[0.8456]
(895,26)	[0.8456]
(951,26)	[0.8456]
(364,26)	[0.8439]
(352,26)	[0.841]
(425,26)	[0.8406]
(456,26)	[0.8383]
(105,26)	[0.8382]
(577,26)	[0.8345]
(349,26)	[0.8326]
(771,26)	[0.8326]
(626,26)	[0.8314]
(569,26)	[0.8284]
(570,26)	[0.8284]
(941,26)	[0.828]
(369,26)	[0.826]
(138,26)	[0.8231]
(104,26)	[0.823]
(852,26)	[0.8219]
(190,26)	[0.8206]
(925,26)	[0.8205]
(378,26)	[0.8199]
(466,26)	[0.8137]
(389,26)	[0.8026]
(403,26)	[0.8005]
(392,26)	[0.7995]
(529,26)	[0.7978]
(436,26)	[0.7936]
(129,26)	[0.7917]
(130,26)	[0.7917]
(401,26)	[0.7913]
(435,26)	[0.7901]
(391,26)	[0.7888]
(390,26)	[0.7887]
(402,26)	[0.7878]
(400,26)	[0.7867]
(437,26)	[0.7867]
(689,26)	[0.7862]
(399,26)	[0.7775]
(393,26)	[0.7735]
(363,26)	[0.7721]
(362,26)	[0.7675]
(122,26)	[0.7581]
(949,26)	[0.7581]
(867,26)	[0.7328]
(126,26)	[0.7132]
(261,26)	[0.704]
(994,26)	[0.7034]
(140,26)	[0.6895]
(523,26)	[0.6895]
(359,26)	[0.6838]
(639,26)	[0.6814]
(356,26)	[0.6715]
(108,26)	[0.6679]
(131,26)	[0.6643]
(360,26)	[0.6643]
(418,26)	[0.6562]
(409,26)	[0.656]
(419,26)	[0.654]
(944,26)	[0.6534]
(479,26)	[0.6462]
(371,26)	[0.6426]
(382,26)	[0.6353]
(420,26)	[0.6343]
(410,26)	[0.6312]
(366,26)	[0.6282]
(691,26)	[0.6209]
(379,26)	[0.6208]
(381,26)	[0.6201]
(135,26)	[0.6173]
(429,26)	[0.6099]
(414,26)	[0.6072]
(134,26)	[0.6065]
(431,26)	[0.6032]
(430,26)	[0.6007]
(384,26)	[0.6]
(380,26)	[0.5946]
(444,26)	[0.5923]
(446,26)	[0.5881]
(712,26)	[0.5819]
(445,26)	[0.5779]
(416,26)	[0.5717]
(385,26)	[0.5702]
(387,26)	[0.5702]
(388,26)	[0.5702]
(386,26)	[0.568]
(383,26)	[0.5655]
(123,26)	[0.5634]
(127,26)	[0.5634]
(132,26)	[0.5634]
(137,26)	[0.5634]
(139,26)	[0.5634]
(141,26)	[0.5634]
(408,26)	[0.5634]
(525,26)	[0.5634]
(531,26)	[0.5634]
(417,26)	[0.5578]
(415,26)	[0.5576]
(421,26)	[0.5523]
(80,26)	[0.5493]
(368,26)	[0.5493]
(124,26)	[0.5487]
(125,26)	[0.5352]
(482,26)	[0.5352]
(395,26)	[0.5199]
(422,26)	[0.5199]
(189,26)	[0.5092]
(128,26)	[0.507]
(396,26)	[0.5054]
(397,26)	[0.4982]
(423,26)	[0.4982]
(394,26)	[0.491]
(432,26)	[0.4874]
(434,26)	[0.4874]
(449,26)	[0.4838]
(433,26)	[0.4693]
(448,26)	[0.4657]
(358,26)	[0.4648]
(447,26)	[0.4621]
(398,26)	[0.4477]
(373,26)	[0.3803]
(361,26)	[0.3521]
(427,26)	[0.1549]
(440,26)	[0.1549]
(439,26)	[0.1408]
(454,26)	[0.1408]
(405,26)	[0.1268]
(406,26)	[0.1268]
(407,26)	[0.1268]
(426,26)	[0.1268]
(438,26)	[0.1268]
(453,26)	[0.1268]
(455,26)	[0.1268]
(404,26)	[0.0845]
(544,27)	[0.589]
(546,27)	[0.583]
(568,27)	[0.436]
(567,28)	[0.993]
(162,29)	[0.629]
(493,30)	[0.688]
(839,31)	[0.9776]
(841,31)	[0.9672]
(955,31)	[0.9552]
(543,31)	[0.9395]
(967,31)	[0.9361]
(795,31)	[0.9319]
(459,31)	[0.9314]
(486,31)	[0.9307]
(597,31)	[0.9303]
(600,31)	[0.9303]
(287,31)	[0.9302]
(812,31)	[0.9297]
(838,31)	[0.9294]
(314,31)	[0.928]
(638,31)	[0.928]
(670,31)	[0.9267]
(731,31)	[0.925]
(596,31)	[0.923]
(708,31)	[0.9214]
(645,31)	[0.9178]
(806,31)	[0.916]
(321,31)	[0.9126]
(328,31)	[0.909]
(840,31)	[0.9074]
(851,31)	[0.904]
(647,31)	[0.9]
(807,31)	[0.89]
(327,31)	[0.8867]
(922,31)	[0.88]
(923,31)	[0.88]
(76,31)	[0.8767]
(174,31)	[0.8767]
(306,31)	[0.8767]
(338,31)	[0.8767]
(552,31)	[0.8767]
(559,31)	[0.8767]
(619,31)	[0.8767]
(657,31)	[0.8767]
(668,31)	[0.8767]
(671,31)	[0.8767]
(727,31)	[0.8767]
(855,31)	[0.8767]
(74,31)	[0.8733]
(329,31)	[0.8733]
(460,31)	[0.8733]
(484,31)	[0.8733]
(591,31)	[0.8733]
(748,31)	[0.8733]
(843,31)	[0.8733]
(887,31)	[0.8733]
(929,31)	[0.8733]
(980,31)	[0.8733]
(996,31)	[0.8733]
(270,31)	[0.87]
(297,31)	[0.87]
(331,31)	[0.87]
(574,31)	[0.87]
(644,31)	[0.87]
(646,31)	[0.87]
(278,31)	[0.8667]
(330,31)	[0.8667]
(538,31)	[0.8667]
(539,31)	[0.8667]
(628,31)	[0.8667]
(662,31)	[0.8667]
(800,31)	[0.8667]
(939,31)	[0.866]
(255,31)	[0.8633]
(300,31)	[0.8633]
(682,31)	[0.8633]
(749,31)	[0.8633]
(753,31)	[0.8633]
(188,31)	[0.86]
(243,31)	[0.86]
(537,31)	[0.86]
(564,31)	[0.86]
(635,31)	[0.86]
(641,31)	[0.86]
(956,31)	[0.86]
(181,31)	[0.8567]
(837,31)	[0.8533]
(830,31)	[0.6833]
(83,32)	[0.94]
(167,32)	[0.937]
(170,32)	[0.935]
(168,32)	[0.93]
(169,32)	[0.926]
(81,32)	[0.902]
(84,32)	[0.902]
(82,32)	[0.9]
(688,33)	[0.913]
(630,34)	[0.793]
(629,34)	[0.775]
(924,35)	[0.833]
(541,35)	[0.085]
(698,36)	[0.593]
(699,37)	[0.9014]
(701,37)	[0.8796]
(319,38)	[0.957]
(177,38)	[0.942]
(178,38)	[0.923]
(277,38)	[0.888]
(873,39)	[0.872]
(510,40)	[0.902]
(264,41)	[0.908]
(959,41)	[0.836]
(854,41)	[0.822]
(265,41)	[0.799]
(785,42)	[0.905]
(558,43)	[0.904]
(826,44)	[0.815]
(927,45)	[0.796]
(773,46)	[0.867]
(890,46)	[0.843]
(960,46)	[0.841]
(961,46)	[0.841]
(870,46)	[0.84]
(542,46)	[0.839]
(820,46)	[0.839]
(772,46)	[0.82]
(604,47)	[0.908]
(605,47)	[0.831]
(117,48)	[0.281]
(778,49)	[0.893]
(774,49)	[0.853]
(777,49)	[0.84]
(779,49)	[0.84]
(776,49)	[0.833]
(640,49)	[0.825]
(775,49)	[0.82]
(94,50)	[0.918]
(340,51)	[0.933]
(339,51)	[0.929]
(89,52)	[0.728]
(93,52)	[0.726]
(90,52)	[0.722]
(91,52)	[0.711]
(92,52)	[0.711]
(656,53)	[0.998]
(814,53)	[0.993]
(655,53)	[0.992]
(66,54)	[0.989]
(291,54)	[0.989]
(592,54)	[0.876]
(478,55)	[0.834]
(477,55)	[0.79]
(472,55)	[0.772]
(481,55)	[0.754]
(483,55)	[0.744]
(471,55)	[0.726]
(474,55)	[0.709]
(714,56)	[0.851]
(713,56)	[0.802]
(171,57)	[0.974]
(172,57)	[0.97]
(233,58)	[0.863]
(224,58)	[0.858]
(207,58)	[0.844]
(914,58)	[0.819]
(756,58)	[0.81]
(249,58)	[0.809]
(223,58)	[0.786]
(232,58)	[0.783]
(163,58)	[0.73]
(653,58)	[0.716]
(225,58)	[0.713]
(234,58)	[0.713]
(282,58)	[0.71]
(208,58)	[0.709]
(206,58)	[0.704]
(231,58)	[0.567]
(222,58)	[0.561]
(205,58)	[0.513]
(221,58)	[0.462]
(204,58)	[0.46]
(230,58)	[0.458]
(715,59)	[0.946]
(703,60)	[0.74]
(788,61)	[0.826]
(702,61)	[0.748]
(900,61)	[0.625]
(322,62)	[0.75]
(784,63)	[0.974]
(780,63)	[0.96]
(783,63)	[0.959]
(782,63)	[0.957]
(319,63)	[0.954]
(323,63)	[0.952]
(511,63)	[0.533]
(517,63)	[0.509]
(717,63)	[0.484]
(885,63)	[0.474]
(784,64)	[0.987]
(780,64)	[0.973]
(781,64)	[0.973]
(782,64)	[0.967]
(783,64)	[0.96]
(293,64)	[0.954]
(323,64)	[0.781]
(977,64)	[0.736]
(868,64)	[0.685]
(975,64)	[0.678]
(869,64)	[0.671]
(804,64)	[0.642]
(517,64)	[0.634]
(518,64)	[0.628]
(792,64)	[0.616]
(717,64)	[0.592]
(791,64)	[0.587]
(315,64)	[0.586]
(976,64)	[0.568]
(723,64)	[0.562]
(885,64)	[0.56]
(952,64)	[0.559]
(326,64)	[0.557]
(179,64)	[0.553]
(100,64)	[0.513]
(511,64)	[0.43]
(618,64)	[0.24]
(468,64)	[0.205]
(978,64)	[0.205]
(719,65)	[0.911]
(718,65)	[0.884]
