(72,0)	[3, 0.940536013, 0.940458505, 0.992234894, 0.942315878, 0.940536013, 0.940550709, 0.888718871, 0.059463987, 0.16560336, 1.473187003]
(73,0)	[3, 0.958961474, 0.958895564, 0.994968188, 0.959118191, 0.958961474, 0.959005295, 0.921984912, 0.041038526, 0.123387327, 1.55377155]
(74,0)	[3, 0.958403127, 0.95831851, 0.99390789, 0.958352116, 0.958403127, 0.95837177, 0.920908532, 0.041596873, 0.129141757, 1.695756271]
(75,0)	[3, 0.999720826, 0.999719652, 0.999998477, 0.99972106, 0.999720826, 0.999720826, 0.999441887, 0.000279174, 0.001498343, 1.343566569]
(76,0)	[3, 0.999441653, 0.999439305, 0.999996953, 0.999442587, 0.999441653, 0.999441652, 0.99888424, 0.000558347, 0.002492136, 1.440995702]
(77,0)	[3, 0.997487437, 0.997482011, 0.999993092, 0.997496479, 0.997487437, 0.997487416, 0.994990493, 0.002512563, 0.010945896, 1.469111323]
(78,0)	[3, 0.999441653, 0.999439305, 0.999993909, 0.999442587, 0.999441653, 0.999441652, 0.99888424, 0.000558347, 0.003016269, 1.605752059]
(79,0)	[3, 0.999720826, 0.999719652, 0.999998713, 0.999721059, 0.999720826, 0.999720826, 0.999441885, 0.000279174, 0.001645873, 1.770153317]
(80,0)	[3, 0.998883305, 0.998881179, 0.999988447, 0.998883534, 0.998883305, 0.998883068, 0.997769177, 0.001116695, 0.003633526, 2.098559335]
(81,0)	[3, 0.999441653, 0.999439305, 0.999994959, 0.999442587, 0.999441653, 0.999441652, 0.99888424, 0.000558347, 0.003019772, 2.3426746]
(82,0)	[3, 0.999162479, 0.999161527, 0.999992981, 0.999162478, 0.999162479, 0.999162361, 0.998326361, 0.000837521, 0.004301549, 2.785571989]
(85,0)	[3, 0.940536013, 0.940437998, 0.993141422, 0.942160962, 0.940536013, 0.940628551, 0.88815299, 0.059463987, 0.167839215, 1.240559226]
(86,0)	[3, 0.960357342, 0.960384246, 0.995923695, 0.961010028, 0.960357342, 0.960448012, 0.924040895, 0.039642658, 0.127485268, 1.26680151]
(87,0)	[3, 0.80094919, 0.800856111, 0.930131871, 0.800844363, 0.80094919, 0.799794135, 0.66772354, 0.19905081, 0.507359482, 1.417101727]
(88,0)	[3, 0.999162479, 0.999160837, 0.999999765, 0.999163181, 0.999162479, 0.999162479, 0.998326597, 0.000837521, 0.002224613, 1.635990084]
(90,0)	[3, 1.0, 1.0, 1.0, 1.0, 1.0, 1.0, 1.0, 0.0, 0.000167719, 1.848093762]
(92,0)	[3, 0.998604132, 0.998606221, 0.999998829, 0.998609977, 0.998604132, 0.998604836, 0.997214109, 0.001395868, 0.004025089, 1.460240847]
(93,0)	[3, 0.822166387, 0.821919826, 0.938979655, 0.822604015, 0.822166387, 0.820782688, 0.697303155, 0.177833613, 2.702162836, 1.430485982]
(94,0)	[3, 0.996649916, 0.996644978, 0.999937506, 0.996655955, 0.996649916, 0.996649668, 0.99332267, 0.003350084, 0.015952335, 1.723668617]
(95,0)	[3, 0.992741485, 0.992736031, 0.999943699, 0.992780718, 0.992741485, 0.992746042, 0.985600232, 0.007258515, 0.025906359, 1.830664711]
(777,2)	[2, 0.818754633, 0.824569598, 0.973329305, 0.859001485, 0.818754633, 0.813189004, 0.696700862, 0.181245367, 0.833310415, 7.486697919]
(877,2)	[2, 0.853224611, 0.854433361, 0.983809669, 0.870716762, 0.853224611, 0.851694109, 0.742766655, 0.146775389, 0.560408308, 6.109764967]
(177,4)	[3, 0.854727614, 0.860338429, 0.95706344, 0.875979911, 0.854727614, 0.853664811, 0.74480317, 0.145272386, 0.371623663, 10.81972146]
(222,6)	[2, 0.972267985, 0.971675088, 0.996908413, 0.973175041, 0.972267985, 0.97223828, 0.945979633, 0.027732015, 0.081517168, 4.972424107]
(223,6)	[2, 0.971169687, 0.971143377, 0.995929788, 0.97116942, 0.971169687, 0.97116948, 0.943955813, 0.028830313, 0.09711101, 4.997141933]
(224,6)	[2, 0.977210324, 0.977159675, 0.997119045, 0.977212308, 0.977210324, 0.977209473, 0.955435332, 0.022789676, 0.064532007, 6.231557007]
(225,6)	[2, 0.998352554, 0.998379821, 0.99999487, 0.998355053, 0.998352554, 0.998352598, 0.996710619, 0.001647446, 0.004524461, 3.510861721]
(226,6)	[2, 0.999176277, 0.999182819, 0.999999396, 0.999176439, 0.999176277, 0.999176283, 0.998353922, 0.000823723, 0.001944386, 3.962778901]
(227,6)	[2, 0.998901702, 0.998915153, 0.99989227, 0.998902336, 0.998901702, 0.998901718, 0.997805847, 0.001098298, 0.007184902, 4.323681392]
(228,6)	[2, 0.999725426, 0.999718151, 0.999998189, 0.999725573, 0.999725426, 0.999725424, 0.999450998, 0.000274574, 0.001380961, 5.008807292]
(229,6)	[2, 0.998901702, 0.998929336, 0.999998189, 0.998904173, 0.998901702, 0.998901732, 0.997805876, 0.001098298, 0.003862339, 6.160044788]
(230,6)	[2, 0.997803405, 0.997759392, 0.999991551, 0.997808627, 0.997803405, 0.997803305, 0.995616248, 0.002196595, 0.005479617, 8.355404897]
(231,6)	[2, 0.998901702, 0.998915153, 0.999993663, 0.998902336, 0.998901702, 0.998901718, 0.997805847, 0.001098298, 0.003275101, 10.43113629]
(232,6)	[2, 0.999176277, 0.999168636, 0.999998793, 0.999176416, 0.999176277, 0.999176271, 0.998353899, 0.000823723, 0.002079411, 13.4630526]
(234,6)	[2, 0.921746293, 0.922296906, 0.978185074, 0.922759913, 0.921746293, 0.921750806, 0.854858855, 0.078253707, 0.382775164, 4.010149308]
(235,6)	[2, 0.982152663, 0.982048577, 0.997969722, 0.982173971, 0.982152663, 0.98215079, 0.964928117, 0.017847337, 0.056203833, 3.015154538]
(236,6)	[2, 0.984349259, 0.984175722, 0.998116682, 0.984421531, 0.984349259, 0.98434608, 0.96917518, 0.015650741, 0.048089763, 3.188391166]
(237,6)	[2, 0.92778693, 0.927178565, 0.977818731, 0.928514679, 0.92778693, 0.927712356, 0.865190328, 0.07221307, 0.203832999, 4.659328796]
(238,6)	[2, 0.998627128, 0.998619121, 0.999990344, 0.998627259, 0.998627128, 0.998627118, 0.997258003, 0.001372872, 0.004386824, 6.018065084]
(239,6)	[2, 0.95579352, 0.956395194, 0.989177333, 0.956938643, 0.95579352, 0.955795003, 0.915332729, 0.04420648, 0.943817316, 5.61551325]
(240,6)	[2, 0.999450851, 0.999464668, 0.999999095, 0.99945147, 0.999450851, 0.999450859, 0.998902321, 0.000549149, 0.001802096, 8.712694646]
(241,6)	[2, 0.938495332, 0.93805721, 0.969418335, 0.938862377, 0.938495332, 0.938456316, 0.884059459, 0.061504668, 1.511562633, 8.518319677]
(242,6)	[2, 0.997803405, 0.997773575, 0.999869336, 0.997805684, 0.997803405, 0.99780334, 0.995616316, 0.002196595, 0.007904203, 4.130797554]
(243,6)	[2, 0.961010434, 0.960516405, 0.993418646, 0.961581751, 0.961010434, 0.960979333, 0.924894775, 0.038989566, 0.481600963, 4.0829835]
(244,6)	[2, 0.995606809, 0.995717345, 0.999889252, 0.995646078, 0.995606809, 0.995607223, 0.991252888, 0.004393191, 0.020944151, 6.309231973]
(245,6)	[2, 0.99752883, 0.997548457, 0.999970125, 0.997530287, 0.99752883, 0.997528881, 0.995069953, 0.00247117, 0.00737676, 6.493826413]
(246,6)	[2, 0.958813839, 0.958885665, 0.992193026, 0.958849142, 0.958813839, 0.958817318, 0.920893946, 0.041186161, 0.215649796, 4.264510378]
(100,7)	[3, 0.989, 0.989, 0.998725, 0.989048905, 0.989, 0.988999725, 0.978238835, 0.011, 0.039326313, 2.011013508]
(101,7)	[3, 0.9905, 0.9905, 0.998717, 0.990504415, 0.9905, 0.990499979, 0.98117876, 0.0095, 0.031056885, 1.679436803]
(102,7)	[3, 0.9775, 0.9775, 0.996522, 0.977580711, 0.9775, 0.977499049, 0.955988441, 0.0225, 0.135554501, 2.114255667]
(103,7)	[3, 0.9915, 0.9915, 0.998846, 0.991504424, 0.9915, 0.991499981, 0.983143245, 0.0085, 0.02646817, 2.726362586]
(104,7)	[3, 0.9935, 0.9935, 0.998453, 0.993512338, 0.9935, 0.993499959, 0.987083875, 0.0065, 0.03102243, 2.863048196]
(105,7)	[3, 0.988, 0.988, 0.998543, 0.988031234, 0.988, 0.987999808, 0.976284214, 0.012, 0.034869043, 3.328145027]
(106,7)	[3, 0.9885, 0.9885, 0.998512, 0.988500489, 0.9885, 0.988499997, 0.977261487, 0.0115, 0.031781425, 3.929106355]
(107,7)	[3, 0.9885, 0.9885, 0.998685, 0.988500489, 0.9885, 0.988499997, 0.977261487, 0.0115, 0.034420011, 4.027004004]
(113,7)	[3, 0.9815, 0.9815, 0.997625, 0.981673884, 0.9815, 0.98149833, 0.963668906, 0.0185, 0.068169842, 2.516452909]
(115,7)	[3, 0.979, 0.979, 0.997812, 0.979122655, 0.979, 0.978998656, 0.958861333, 0.021, 0.069951138, 1.830577493]
(117,7)	[3, 0.977, 0.977, 0.997517, 0.97723098, 0.977, 0.976997217, 0.955029014, 0.023, 0.074316604, 1.356595993]
(119,7)	[3, 0.9695, 0.9695, 0.99504, 0.969523007, 0.9695, 0.969499626, 0.940804751, 0.0305, 0.147930944, 8.696845651]
(120,7)	[3, 0.963, 0.963, 0.995389, 0.963818175, 0.963, 0.962983676, 0.928611033, 0.037, 0.169487865, 1.682704449]
(375,7)	[3, 0.9925, 0.9925, 0.998972, 0.9925596, 0.9925, 0.992499773, 0.985111219, 0.0075, 0.02629318, 1.297976613]
(376,7)	[3, 0.9945, 0.9945, 0.999323, 0.994504451, 0.9945, 0.994499988, 0.989060145, 0.0055, 0.017133647, 1.406064272]
(377,7)	[3, 0.9895, 0.9895, 0.999028, 0.98950049, 0.9895, 0.989499997, 0.979218204, 0.0105, 0.036665727, 1.382130623]
(378,7)	[3, 0.9945, 0.9945, 0.999379, 0.994500495, 0.9945, 0.994499999, 0.989060166, 0.0055, 0.018754467, 1.551522493]
(379,7)	[3, 0.996, 0.996, 0.999431, 0.996001984, 0.996, 0.995999996, 0.992031865, 0.004, 0.016303714, 1.729471207]
(380,7)	[3, 0.9895, 0.9895, 0.999119, 0.989582739, 0.9895, 0.989499556, 0.979217349, 0.0105, 0.030282439, 1.975229621]
(381,7)	[3, 0.9915, 0.9915, 0.999174, 0.991500492, 0.9915, 0.991499998, 0.983143278, 0.0085, 0.025600511, 2.237094879]
(382,7)	[3, 0.9915, 0.9915, 0.999249, 0.991504424, 0.9915, 0.991499981, 0.983143245, 0.0085, 0.022962857, 2.720649123]
(388,7)	[3, 0.97, 0.97, 0.997488, 0.971374528, 0.97, 0.969978114, 0.941707517, 0.03, 0.112612043, 1.531316519]
(390,7)	[3, 0.9865, 0.9865, 0.998606, 0.986512163, 0.9865, 0.986499916, 0.973359483, 0.0135, 0.039266812, 1.779698014]
(392,7)	[3, 0.986, 0.986, 0.998563, 0.986157515, 0.986, 0.985998866, 0.972384412, 0.014, 0.049378842, 1.362572908]
(394,7)	[3, 0.9775, 0.9775, 0.99719, 0.977523399, 0.9775, 0.977499724, 0.955989704, 0.0225, 0.087462024, 1.596496105]
(395,7)	[3, 0.9735, 0.9735, 0.997619, 0.973580035, 0.9735, 0.97349888, 0.948366171, 0.0265, 0.079952273, 1.706300735]
(444,7)	[3, 0.8925, 0.8925, 0.928523, 0.909718416, 0.8925, 0.891358586, 0.804191851, 0.1075, 3.118414954, 8.759300828]
(445,7)	[3, 0.9325, 0.9325, 0.9632485, 0.937895308, 0.9325, 0.932291441, 0.873193539, 0.0675, 1.740898619, 1.754975438]
(1369,7)	[3, 0.911, 0.911, 0.942822, 0.923231387, 0.911, 0.910352295, 0.835545382, 0.089, 2.479248322, 4.997708559]
(1370,7)	[3, 0.9445, 0.9445, 0.970856, 0.947734885, 0.9445, 0.944399572, 0.894665793, 0.0555, 1.445152872, 1.80225718]
(1644,7)	[3, 0.8655, 0.8655, 0.90782, 0.893105859, 0.8655, 0.863096488, 0.759612188, 0.1345, 3.894405389, 1.707756877]
(1645,7)	[3, 0.938, 0.938, 0.969248, 0.942247343, 0.938, 0.93785078, 0.882990076, 0.062, 1.545378185, 1.715310335]
(302,9)	[3, 0.920479647, 0.927479975, 0.98612226, 0.926090439, 0.920479647, 0.92114508, 0.854107865, 0.079520353, 0.212715408, 1.561375739]
(352,11)	[2, 0.848711554, 0.849038143, 0.947274737, 0.874625671, 0.848711554, 0.846108199, 0.733776424, 0.151288446, 0.389541316, 3.09694616]
(100,12)	[3, 0.989, 0.989, 0.998819, 0.989048905, 0.989, 0.988999725, 0.978238835, 0.011, 0.037315268, 0.947059989]
(101,12)	[3, 0.9895, 0.9895, 0.998441, 0.989504406, 0.9895, 0.989499976, 0.979218163, 0.0105, 0.030985062, 1.055912852]
(102,12)	[3, 0.9745, 0.9745, 0.996683, 0.974606787, 0.9745, 0.974498566, 0.950265502, 0.0255, 0.13627596, 1.074386954]
(103,12)	[3, 0.989, 0.989, 0.999143, 0.989031298, 0.989, 0.988999824, 0.978239026, 0.011, 0.025542436, 1.220613837]
(104,12)	[3, 0.99, 0.99, 0.998592, 0.99000196, 0.99, 0.98999999, 0.980198, 0.01, 0.036383995, 1.394542098]
(105,12)	[3, 0.99, 0.99, 0.998907, 0.990017641, 0.99, 0.98999991, 0.980197845, 0.01, 0.03158287, 1.675136566]
(106,12)	[3, 0.9895, 0.9895, 0.998559, 0.98950049, 0.9895, 0.989499997, 0.979218204, 0.0105, 0.034710348, 1.96463418]
(107,12)	[3, 0.9895, 0.9895, 0.99854, 0.989504406, 0.9895, 0.989499976, 0.979218163, 0.0105, 0.040216329, 2.405967236]
(113,12)	[3, 0.9795, 0.9795, 0.997426, 0.979538843, 0.9795, 0.979499585, 0.959822835, 0.0205, 0.072199604, 1.200317979]
(115,12)	[3, 0.98, 0.98, 0.997696, 0.98015557, 0.98, 0.97999838, 0.96078126, 0.02, 0.073654476, 1.427374721]
(117,12)	[3, 0.9755, 0.9755, 0.997075, 0.975557542, 0.9755, 0.975499259, 0.952170413, 0.0245, 0.079603682, 1.017476797]
(119,12)	[3, 0.968, 0.968, 0.99553, 0.968029954, 0.968, 0.967999488, 0.937983564, 0.032, 0.147493643, 1.330199242]
(120,12)	[3, 0.964, 0.964, 0.9949705, 0.964819942, 0.964, 0.963984117, 0.930473363, 0.036, 0.17781303, 1.412193537]
(375,12)	[3, 0.989, 0.989, 0.999161, 0.989031298, 0.989, 0.988999824, 0.978239026, 0.011, 0.030171327, 0.9475981]
(376,12)	[3, 0.99, 0.99, 0.998789, 0.99007057, 0.99, 0.98999964, 0.980197321, 0.01, 0.030044194, 1.055543065]
(377,12)	[3, 0.9835, 0.9835, 0.998105, 0.983512088, 0.9835, 0.983499897, 0.967535465, 0.0165, 0.06130426, 1.088052511]
(378,12)	[3, 0.9935, 0.9935, 0.999369, 0.993504442, 0.9935, 0.993499985, 0.987083926, 0.0065, 0.02290521, 1.261003256]
(379,12)	[3, 0.9945, 0.9945, 0.998986, 0.994504451, 0.9945, 0.994499988, 0.989060145, 0.0055, 0.025226915, 1.393902779]
(380,12)	[3, 0.991, 0.991, 0.998872, 0.991007856, 0.991, 0.990999964, 0.982160485, 0.009, 0.028272168, 1.6642524]
(381,12)	[3, 0.991, 0.991, 0.998974, 0.991017677, 0.991, 0.990999919, 0.982160397, 0.009, 0.030304924, 1.971621156]
(382,12)	[3, 0.9875, 0.9875, 0.998812, 0.987523889, 0.9875, 0.987499847, 0.975308347, 0.0125, 0.035255437, 2.393600106]
(388,12)	[3, 0.961, 0.961, 0.997339, 0.963270023, 0.961, 0.960952166, 0.924842529, 0.039, 0.143294984, 1.211342573]
(390,12)	[3, 0.9825, 0.9825, 0.99803, 0.982539086, 0.9825, 0.982499646, 0.965601293, 0.0175, 0.058966794, 1.418704867]
(392,12)	[3, 0.9785, 0.9785, 0.997566, 0.978557906, 0.9785, 0.97849935, 0.957903821, 0.0215, 0.067597337, 1.021208644]
(394,12)	[3, 0.9715, 0.9715, 0.996204, 0.971538195, 0.9715, 0.971499423, 0.944578424, 0.0285, 0.112344458, 1.341838479]
(395,12)	[3, 0.974, 0.974, 0.996784, 0.974121375, 0.974, 0.973998336, 0.949314657, 0.026, 0.093003135, 1.4328866]
(444,12)	[3, 0.891, 0.891, 0.93332, 0.909400077, 0.891, 0.889761359, 0.801614088, 0.109, 3.112244604, 1.363502026]
(445,12)	[3, 0.9365, 0.9365, 0.9673885, 0.941748413, 0.9365, 0.936310827, 0.880268549, 0.0635, 1.59481821, 1.433155179]
(1369,12)	[3, 0.913, 0.913, 0.9338765, 0.925590675, 0.913, 0.912351754, 0.838918115, 0.087, 2.635337988, 1.354731202]
(1370,12)	[3, 0.9495, 0.9495, 0.9738655, 0.952468647, 0.9495, 0.949417031, 0.903712191, 0.0505, 1.320389305, 1.487180829]
(1644,12)	[3, 0.8655, 0.8655, 0.9047475, 0.89355623, 0.8655, 0.863059411, 0.75956181, 0.1345, 3.950169386, 1.32711935]
(1645,12)	[3, 0.9455, 0.9455, 0.9713, 0.949386746, 0.9455, 0.945381902, 0.896432086, 0.0545, 1.399565897, 1.426586151]
(399,13)	[3, 0.924037461, 0.924631236, 0.976542299, 0.924677327, 0.924037461, 0.92406824, 0.8588588, 0.075962539, 0.282179796, 6.281122085]
(400,13)	[3, 0.993756504, 0.993577007, 0.999887202, 0.993788689, 0.993756504, 0.993755338, 0.987588338, 0.006243496, 0.020787795, 5.828574843]
(401,13)	[3, 0.986472425, 0.985900217, 0.999965293, 0.986815229, 0.986472425, 0.986462494, 0.973287653, 0.013527575, 0.047727107, 5.958418196]
(403,13)	[3, 0.993756504, 0.993830803, 0.999874187, 0.993766125, 0.993756504, 0.993757005, 0.987591589, 0.006243496, 0.030997967, 6.432697006]
(404,13)	[3, 0.991675338, 0.991407809, 0.999735358, 0.991747989, 0.991675338, 0.991672899, 0.983483631, 0.008324662, 0.036260859, 6.398743571]
(405,13)	[3, 0.968782518, 0.969915401, 0.998507592, 0.970448709, 0.968782518, 0.968792931, 0.939474912, 0.031217482, 0.100880678, 6.547406114]
(406,13)	[3, 0.987513007, 0.987577007, 0.999531453, 0.987523577, 0.987513007, 0.987514009, 0.975336419, 0.012486993, 0.031348134, 6.837314919]
(407,13)	[3, 0.976066597, 0.975392625, 0.99891974, 0.976502465, 0.976066597, 0.976045539, 0.953215248, 0.023933403, 0.058620548, 7.349318446]
(410,13)	[3, 0.887617066, 0.883201735, 0.984754881, 0.904500833, 0.887617066, 0.885889436, 0.79555157, 0.112382934, 0.262908544, 5.764180242]
(412,13)	[3, 0.899063476, 0.895386117, 0.976689805, 0.910797085, 0.899063476, 0.897938622, 0.815033782, 0.100936524, 0.242774694, 6.018164503]
(413,13)	[3, 0.987513007, 0.987492408, 0.999344902, 0.987513007, 0.987513007, 0.987513007, 0.975334514, 0.012486993, 0.03409517, 6.023093887]
(415,13)	[3, 0.985431842, 0.985069414, 0.998993492, 0.98555697, 0.985431842, 0.985425896, 0.971271475, 0.014568158, 0.044077329, 6.358730929]
(417,13)	[3, 0.995837669, 0.995746204, 0.999965293, 0.995845572, 0.995837669, 0.995837299, 0.991709173, 0.004162331, 0.015386775, 5.916056598]
(419,13)	[3, 0.964620187, 0.964561822, 0.992737527, 0.964620187, 0.964620187, 0.964620187, 0.931662012, 0.035379813, 0.101835343, 6.098633626]
(420,13)	[3, 0.970863684, 0.970308026, 0.996394794, 0.971128971, 0.970863684, 0.970844321, 0.94334499, 0.029136316, 0.080961916, 6.423328719]
(100,14)	[3, 0.989, 0.989, 0.998819, 0.989048905, 0.989, 0.988999725, 0.978238835, 0.011, 0.037315268, 0.950853825]
(101,14)	[3, 0.9895, 0.9895, 0.998441, 0.989504406, 0.9895, 0.989499976, 0.979218163, 0.0105, 0.030985062, 1.058321953]
(102,14)	[3, 0.9745, 0.9745, 0.996683, 0.974606787, 0.9745, 0.974498566, 0.950265502, 0.0255, 0.13627596, 1.117763877]
(103,14)	[3, 0.989, 0.989, 0.999143, 0.989031298, 0.989, 0.988999824, 0.978239026, 0.011, 0.025542436, 1.198441148]
(104,14)	[3, 0.99, 0.99, 0.998592, 0.99000196, 0.99, 0.98999999, 0.980198, 0.01, 0.036383995, 1.403058887]
(105,14)	[3, 0.99, 0.99, 0.998907, 0.990017641, 0.99, 0.98999991, 0.980197845, 0.01, 0.03158287, 1.675576091]
(106,14)	[3, 0.9895, 0.9895, 0.998559, 0.98950049, 0.9895, 0.989499997, 0.979218204, 0.0105, 0.034710348, 1.980799913]
(107,14)	[3, 0.9895, 0.9895, 0.99854, 0.989504406, 0.9895, 0.989499976, 0.979218163, 0.0105, 0.040216329, 2.417088032]
(113,14)	[3, 0.9795, 0.9795, 0.997426, 0.979538843, 0.9795, 0.979499585, 0.959822835, 0.0205, 0.072199604, 1.201918125]
(115,14)	[3, 0.98, 0.98, 0.997696, 0.98015557, 0.98, 0.97999838, 0.96078126, 0.02, 0.073654476, 1.430491805]
(117,14)	[3, 0.9755, 0.9755, 0.997075, 0.975557542, 0.9755, 0.975499259, 0.952170413, 0.0245, 0.079603682, 1.013688445]
(119,14)	[3, 0.968, 0.968, 0.99553, 0.968029954, 0.968, 0.967999488, 0.937983564, 0.032, 0.147493643, 1.348257542]
(120,14)	[3, 0.964, 0.964, 0.9949705, 0.964819942, 0.964, 0.963984117, 0.930473363, 0.036, 0.17781303, 1.411557555]
(375,14)	[3, 0.989, 0.989, 0.999161, 0.989031298, 0.989, 0.988999824, 0.978239026, 0.011, 0.030171327, 0.942605257]
(376,14)	[3, 0.99, 0.99, 0.998789, 0.99007057, 0.99, 0.98999964, 0.980197321, 0.01, 0.030044194, 1.060688615]
(377,14)	[3, 0.9835, 0.9835, 0.998105, 0.983512088, 0.9835, 0.983499897, 0.967535465, 0.0165, 0.06130426, 1.084456682]
(378,14)	[3, 0.9935, 0.9935, 0.999369, 0.993504442, 0.9935, 0.993499985, 0.987083926, 0.0065, 0.02290521, 1.209144592]
(379,14)	[3, 0.9945, 0.9945, 0.998986, 0.994504451, 0.9945, 0.994499988, 0.989060145, 0.0055, 0.025226915, 1.388331532]
(380,14)	[3, 0.991, 0.991, 0.998872, 0.991007856, 0.991, 0.990999964, 0.982160485, 0.009, 0.028272168, 1.670461774]
(381,14)	[3, 0.991, 0.991, 0.998974, 0.991017677, 0.991, 0.990999919, 0.982160397, 0.009, 0.030304924, 1.97020638]
(382,14)	[3, 0.9875, 0.9875, 0.998812, 0.987523889, 0.9875, 0.987499847, 0.975308347, 0.0125, 0.035255437, 2.410437107]
(388,14)	[3, 0.961, 0.961, 0.997339, 0.963270023, 0.961, 0.960952166, 0.924842529, 0.039, 0.143294984, 1.205003619]
(390,14)	[3, 0.9825, 0.9825, 0.99803, 0.982539086, 0.9825, 0.982499646, 0.965601293, 0.0175, 0.058966794, 1.419396043]
(392,14)	[3, 0.9785, 0.9785, 0.997566, 0.978557906, 0.9785, 0.97849935, 0.957903821, 0.0215, 0.067597337, 1.013908029]
(394,14)	[3, 0.9715, 0.9715, 0.996204, 0.971538195, 0.9715, 0.971499423, 0.944578424, 0.0285, 0.112344458, 1.33273685]
(395,14)	[3, 0.974, 0.974, 0.996784, 0.974121375, 0.974, 0.973998336, 0.949314657, 0.026, 0.093003135, 1.408865094]
(444,14)	[3, 0.891, 0.891, 0.93332, 0.909400077, 0.891, 0.889761359, 0.801614088, 0.109, 3.112244604, 1.331447959]
(445,14)	[3, 0.9365, 0.9365, 0.9673885, 0.941748413, 0.9365, 0.936310827, 0.880268549, 0.0635, 1.59481821, 1.421682477]
(1369,14)	[3, 0.913, 0.913, 0.9338765, 0.925590675, 0.913, 0.912351754, 0.838918115, 0.087, 2.635337988, 1.330126882]
(1370,14)	[3, 0.9495, 0.9495, 0.9738655, 0.952468647, 0.9495, 0.949417031, 0.903712191, 0.0505, 1.320389305, 1.500018835]
(1644,14)	[3, 0.8655, 0.8655, 0.9047475, 0.89355623, 0.8655, 0.863059411, 0.75956181, 0.1345, 3.950169386, 1.320911169]
(1645,14)	[3, 0.9455, 0.9455, 0.9713, 0.949386746, 0.9455, 0.945381902, 0.896432086, 0.0545, 1.399565897, 1.421195388]
(494,16)	[3, 0.87797075, 0.878421054, 0.983735523, 0.889353966, 0.87797075, 0.876669126, 0.780806178, 0.12202925, 0.742864651, 1.312168468]
(600,16)	[3, 0.83820841, 0.840964291, 0.973040557, 0.866780846, 0.83820841, 0.835761913, 0.727740765, 0.16179159, 0.454690223, 1.412933117]
(547,19)	[2, 0.83284111, 0.801516123, 0.886924076, 0.830812358, 0.83284111, 0.831519056, 0.717119113, 0.16715889, 0.477340369, 16.10624966]
(548,19)	[2, 0.820437094, 0.750787255, 0.89310566, 0.822411794, 0.820437094, 0.808955447, 0.690143799, 0.179562906, 0.530326255, 15.05474768]
(549,19)	[2, 0.868871825, 0.835297083, 0.909283064, 0.867136016, 0.868871825, 0.866659734, 0.768931196, 0.131128175, 0.427373943, 16.65969467]
(550,19)	[2, 0.878322504, 0.838933449, 0.942566306, 0.878055182, 0.878322504, 0.875084316, 0.782127778, 0.121677496, 0.295852706, 14.1081272]
(551,19)	[2, 0.892498523, 0.859915739, 0.946994713, 0.892008592, 0.892498523, 0.890348857, 0.805543424, 0.107501477, 0.278088048, 12.36079166]
(553,19)	[2, 0.875369167, 0.872585194, 0.945925898, 0.881183976, 0.875369167, 0.877001044, 0.783260518, 0.124630833, 0.312644774, 25.48373527]
(554,19)	[2, 0.848789132, 0.797051823, 0.916007032, 0.848473792, 0.848789132, 0.842887666, 0.735239794, 0.151210868, 0.350307697, 16.27329518]
(555,19)	[2, 0.80507974, 0.734665684, 0.874588027, 0.803595269, 0.80507974, 0.793164424, 0.669301979, 0.19492026, 0.41852966, 22.46344984]
(556,19)	[2, 0.857058476, 0.82083776, 0.90912673, 0.854879678, 0.857058476, 0.85447034, 0.750859244, 0.142941524, 0.356233471, 21.26036265]
(557,19)	[2, 0.835794448, 0.776464357, 0.899349458, 0.836141263, 0.835794448, 0.827791624, 0.714627049, 0.164205552, 0.378364529, 24.37988344]
(560,19)	[2, 0.827525103, 0.81192272, 0.894981671, 0.831283138, 0.827525103, 0.82896613, 0.712226654, 0.172474897, 0.38951399, 11.08486781]
(561,19)	[2, 0.841701122, 0.777005146, 0.901365851, 0.846268823, 0.841701122, 0.832170871, 0.721370606, 0.158298878, 0.403510888, 10.71003493]
(563,19)	[2, 0.9001772, 0.882309823, 0.954146208, 0.899596915, 0.9001772, 0.899807865, 0.820090451, 0.0998228, 0.256631344, 17.27831582]
(564,19)	[2, 0.834022445, 0.784710989, 0.816177245, 0.831311177, 0.834022445, 0.828727147, 0.714850577, 0.165977555, 4.782257783, 14.90993635]
(565,19)	[2, 0.906674542, 0.892842444, 0.957020844, 0.906587793, 0.906674542, 0.906629762, 0.831085854, 0.093325458, 0.252047036, 15.94956782]
(567,19)	[2, 0.893679858, 0.85648835, 0.949014297, 0.894394519, 0.893679858, 0.890850373, 0.806554152, 0.106320142, 0.273076358, 11.53031835]
(569,19)	[2, 0.873006497, 0.811595694, 0.946512949, 0.883992722, 0.873006497, 0.865065779, 0.768549677, 0.126993503, 0.374284686, 26.94287303]
(570,19)	[2, 0.864737153, 0.827942992, 0.929210895, 0.86298287, 0.864737153, 0.861989172, 0.76210275, 0.135262847, 0.350012075, 12.93480741]
(1124,19)	[2, 0.818074424, 0.743786511, 0.84820423, 0.822315583, 0.818074424, 0.804842703, 0.685331733, 0.181925576, 0.521834046, 13.92307763]
(577,20)	[3, 0.944723618, 0.943551647, 0.989968668, 0.948284111, 0.944723618, 0.944546868, 0.894946672, 0.055276382, 0.171198237, 7.971999633]
(1575,20)	[3, 0.974874372, 0.975237518, 0.995755003, 0.97532511, 0.974874372, 0.974878179, 0.950987756, 0.025125628, 0.090546041, 4.536353164]
(1576,20)	[3, 0.979899497, 0.980013139, 0.998307055, 0.979953059, 0.979899497, 0.979901529, 0.960595344, 0.020100503, 0.055140078, 5.966943712]
(1577,20)	[3, 0.967336683, 0.967758237, 0.993733576, 0.967943869, 0.967336683, 0.967341014, 0.936747891, 0.032663317, 0.122345794, 5.89936762]
(1578,20)	[3, 0.977386935, 0.97743582, 0.997877502, 0.977401851, 0.977386935, 0.97738822, 0.955776903, 0.022613065, 0.059914694, 6.870356636]
(1579,20)	[3, 0.979899497, 0.980139478, 0.997346877, 0.980103548, 0.979899497, 0.979902544, 0.960597161, 0.020100503, 0.072433594, 8.519046271]
(1580,20)	[3, 0.957286432, 0.957069941, 0.993657772, 0.957374321, 0.957286432, 0.957275905, 0.918056363, 0.042713568, 0.105964843, 10.25362889]
(1581,20)	[3, 0.954773869, 0.955124318, 0.993556701, 0.955221562, 0.954773869, 0.954780722, 0.913474446, 0.045226131, 0.11369705, 11.39319842]
(1582,20)	[3, 0.959798995, 0.960026279, 0.993834647, 0.960005076, 0.959798995, 0.959805087, 0.922717228, 0.040201005, 0.109924942, 14.73415976]
(1588,20)	[3, 0.942211055, 0.941858702, 0.974732161, 0.942454354, 0.942211055, 0.942183655, 0.890695399, 0.057788945, 0.202402404, 5.600818438]
(1590,20)	[3, 0.932160804, 0.932812816, 0.978118051, 0.933576768, 0.932160804, 0.932156093, 0.872932961, 0.067839196, 0.205690525, 8.425767697]
(1592,20)	[3, 0.881909548, 0.879244997, 0.983828583, 0.898390311, 0.881909548, 0.88032468, 0.786568959, 0.118090452, 0.303762048, 3.387732721]
(1594,20)	[3, 0.889447236, 0.887734991, 0.958358601, 0.895888605, 0.889447236, 0.888788598, 0.799985562, 0.110552764, 0.55119841, 1.652826616]
(1595,20)	[3, 0.927135678, 0.927026481, 0.968111987, 0.927137266, 0.927135678, 0.927130615, 0.864166393, 0.072864322, 0.37802433, 1.81411319]
(600,21)	[3, 0.803299492, 0.802870002, 0.942833386, 0.817556924, 0.803299492, 0.804620489, 0.67515071, 0.196700508, 0.477332979, 1.006461945]
(601,21)	[3, 0.814720812, 0.815057108, 0.94237915, 0.820066602, 0.814720812, 0.813161728, 0.687101373, 0.185279188, 0.472256543, 1.085334522]
(602,21)	[3, 0.906091371, 0.907440292, 0.988007197, 0.921817669, 0.906091371, 0.905463643, 0.829707962, 0.093908629, 0.541734295, 1.111235917]
(605,21)	[3, 0.817681895, 0.818850885, 0.941858128, 0.818904907, 0.817681895, 0.816464487, 0.691543726, 0.182318105, 0.46874211, 1.7007904]
(607,21)	[3, 0.813451777, 0.814797948, 0.94345218, 0.829264403, 0.813451777, 0.812307413, 0.68463368, 0.186548223, 0.536953054, 2.663228516]
(613,21)	[3, 0.80499154, 0.805753754, 0.935980619, 0.805562356, 0.80499154, 0.80399503, 0.673030579, 0.19500846, 0.49922089, 1.170754231]
(622,22)	[2, 0.956374212, 0.955789641, 0.988501852, 0.956666393, 0.956374212, 0.956343419, 0.916348225, 0.043625788, 0.135684061, 3.327954815]
(623,22)	[2, 0.969461949, 0.969584406, 0.991271912, 0.969507932, 0.969461949, 0.969466474, 0.940744259, 0.030538051, 0.096976887, 3.964640594]
(624,22)	[2, 0.956374212, 0.957425511, 0.987958759, 0.95801617, 0.956374212, 0.956385899, 0.916417471, 0.043625788, 0.134006041, 4.948482892]
(625,22)	[2, 0.982549685, 0.983156098, 0.996373415, 0.983096004, 0.982549685, 0.982555961, 0.965710352, 0.017450315, 0.061137699, 3.135030846]
(626,22)	[2, 0.981580223, 0.982185213, 0.997727855, 0.982126713, 0.981580223, 0.981586848, 0.96383983, 0.018419777, 0.056824313, 3.048558982]
(627,22)	[2, 0.990305381, 0.990439859, 0.997421011, 0.990337782, 0.990305381, 0.990306676, 0.980799685, 0.009694619, 0.054826417, 3.167793003]
(628,22)	[2, 0.976732913, 0.977182069, 0.996778147, 0.977058316, 0.976732913, 0.976740452, 0.954538988, 0.023267087, 0.066209593, 4.046064526]
(629,22)	[2, 0.963160446, 0.963143524, 0.994066444, 0.963164928, 0.963160446, 0.963161781, 0.928944636, 0.036839554, 0.10107753, 5.126348122]
(630,22)	[2, 0.97527872, 0.975521257, 0.995335231, 0.975393057, 0.97527872, 0.975284302, 0.951761961, 0.02472128, 0.080940469, 6.89169948]
(631,22)	[2, 0.968007756, 0.968481277, 0.994826963, 0.968385908, 0.968007756, 0.968018497, 0.938020369, 0.031992244, 0.089681971, 8.858779652]
(632,22)	[2, 0.96994668, 0.970088439, 0.995337113, 0.97000205, 0.96994668, 0.969951557, 0.941658104, 0.03005332, 0.087562655, 11.53530626]
(635,22)	[2, 0.939893359, 0.94039995, 0.982100501, 0.94038815, 0.939893359, 0.939914611, 0.88664362, 0.060106641, 0.167901237, 2.744743215]
(636,22)	[2, 0.96994668, 0.9706833, 0.99120979, 0.970772672, 0.96994668, 0.969957657, 0.941668282, 0.03005332, 0.098157071, 2.326157968]
(637,22)	[2, 0.828889966, 0.826017571, 0.913079614, 0.834305517, 0.828889966, 0.82762847, 0.706365655, 0.171110034, 0.395635136, 2.772103798]
(638,22)	[2, 0.980610761, 0.981251506, 0.99784645, 0.981222091, 0.980610761, 0.980617816, 0.961972993, 0.019389239, 0.05565914, 9.930463422]
(640,22)	[2, 0.992244304, 0.99238163, 0.998978758, 0.992276246, 0.992244304, 0.992245341, 0.984610165, 0.007755696, 0.02843456, 7.898416325]
(642,22)	[2, 0.993213766, 0.993426873, 0.999366548, 0.99328359, 0.993213766, 0.99321505, 0.986521645, 0.006786234, 0.029267799, 3.703026418]
(644,22)	[2, 0.98012603, 0.980450043, 0.996823326, 0.980303019, 0.98012603, 0.980131358, 0.961037491, 0.01987397, 0.059144429, 5.509368089]
(645,22)	[2, 0.977217644, 0.977574565, 0.995549833, 0.977433271, 0.977217644, 0.977224169, 0.955463479, 0.022782356, 0.074837993, 6.509516693]
(650,23)	[2, 0.952674897, 0.951668702, 0.988532387, 0.953760399, 0.952674897, 0.952599646, 0.909504801, 0.047325103, 0.14491233, 2.738941026]
(651,23)	[2, 0.952674897, 0.953551079, 0.991064834, 0.953930192, 0.952674897, 0.952688902, 0.909652785, 0.047325103, 0.130934794, 3.197029458]
(652,23)	[2, 0.919067215, 0.916361416, 0.993369285, 0.927103514, 0.919067215, 0.918454393, 0.849326495, 0.080932785, 0.297425224, 3.241184481]
(653,23)	[2, 0.947187929, 0.947089947, 0.98587181, 0.947186084, 0.947187929, 0.94718656, 0.899678609, 0.052812071, 0.151373319, 4.117999711]
(654,23)	[2, 0.953360768, 0.952991453, 0.987643015, 0.953455448, 0.953360768, 0.953343356, 0.910854118, 0.046639232, 0.139526695, 5.15806446]
(655,23)	[2, 0.963648834, 0.963064713, 0.993589744, 0.963996302, 0.963648834, 0.96362183, 0.929803804, 0.036351166, 0.10739288, 7.129157685]
(656,23)	[2, 0.9478738, 0.947191697, 0.988349613, 0.948297742, 0.9478738, 0.947827764, 0.900842885, 0.0521262, 0.147291109, 8.985247305]
(657,23)	[2, 0.956790123, 0.956247456, 0.991441686, 0.957059777, 0.956790123, 0.956761859, 0.917116096, 0.043209877, 0.123818965, 11.63075294]
(661,23)	[2, 0.832647462, 0.831756207, 0.921136134, 0.832850606, 0.832647462, 0.832483218, 0.713143881, 0.167352538, 0.37067572, 3.510098562]
(663,23)	[2, 0.936213992, 0.937372812, 0.983833039, 0.938345499, 0.936213992, 0.936221343, 0.880090442, 0.063786008, 0.170629297, 5.713653008]
(665,23)	[2, 0.953360768, 0.953144078, 0.988867785, 0.953377296, 0.953360768, 0.953352856, 0.910870106, 0.046639232, 0.136782901, 8.103831969]
(667,23)	[2, 0.939643347, 0.940934066, 0.98769389, 0.942224785, 0.939643347, 0.939643347, 0.886157827, 0.060356653, 0.15832973, 3.541350692]
(669,23)	[2, 0.919753086, 0.917277167, 0.988956345, 0.926384948, 0.919753086, 0.919231711, 0.850641069, 0.080246914, 0.198712348, 5.579141105]
(670,23)	[2, 0.936899863, 0.937678063, 0.979953346, 0.937959311, 0.936899863, 0.936920051, 0.881327295, 0.063100137, 0.189383562, 6.49234395]
(688,24)	[0, 0.843230404, 0.83820286, 0.985221505, 0.850090289, 0.843230404, 0.842861316, 0.73152769, 0.156769596, 0.548261886, 3.45686911]
(690,24)	[0, 0.858273951, 0.849617479, 0.988721195, 0.869651362, 0.858273951, 0.856889613, 0.752521418, 0.141726049, 0.486455761, 3.376571885]
(692,24)	[0, 0.827395091, 0.82093033, 0.987601115, 0.841478334, 0.827395091, 0.827243227, 0.708254984, 0.172604909, 0.547918439, 1.275798393]
(719,25)	[3, 0.855666667, 0.855666667, 0.9681407, 0.873806143, 0.855666667, 0.85510745, 0.746933652, 0.144333333, 3.328867442, 1.52758743]
(720,25)	[3, 0.868333333, 0.868333333, 0.966326487, 0.890753319, 0.868333333, 0.869643023, 0.77090677, 0.131666667, 3.281888379, 1.029608647]
(344,26)	[3, 0.812984496, 0.806169304, 0.859406256, 0.814963927, 0.812984496, 0.811418695, 0.683623632, 0.187015504, 3.824524393, 6.879493017]
(722,26)	[3, 0.861434109, 0.869771777, 0.956423895, 0.879240415, 0.861434109, 0.861311149, 0.756408023, 0.138565891, 0.472646376, 1.232783693]
(723,26)	[3, 0.895348837, 0.90007274, 0.942667606, 0.902231355, 0.895348837, 0.895556198, 0.810883768, 0.104651163, 0.770847155, 1.288276079]
(724,26)	[3, 0.937015504, 0.934738134, 0.976147178, 0.937398748, 0.937015504, 0.93688466, 0.881346664, 0.062984496, 0.233667147, 1.432451398]
(725,26)	[3, 0.999031008, 0.999113475, 0.999988634, 0.999033074, 0.999031008, 0.999031095, 0.998064082, 0.000968992, 0.01096715, 1.232038635]
(726,26)	[3, 0.99127907, 0.991839425, 0.999901497, 0.991381131, 0.99127907, 0.991284209, 0.982720145, 0.00872093, 0.029822724, 1.335712366]
(727,26)	[3, 0.972868217, 0.970267321, 0.99619249, 0.973964154, 0.972868217, 0.972786264, 0.947033807, 0.027131783, 0.091013624, 1.199747472]
(728,26)	[3, 0.987403101, 0.987565921, 0.999329424, 0.987426567, 0.987403101, 0.987406428, 0.975128607, 0.012596899, 0.034169793, 1.3333596]
(729,26)	[3, 0.99127907, 0.99111202, 0.999719646, 0.991279345, 0.99127907, 0.991278268, 0.98270868, 0.00872093, 0.023724371, 1.512058021]
(730,26)	[3, 0.993217054, 0.99288507, 0.999723435, 0.993230186, 0.993217054, 0.993215145, 0.986522576, 0.006782946, 0.023695945, 1.808641724]
(731,26)	[3, 0.99127907, 0.991475723, 0.998643693, 0.991300556, 0.99127907, 0.991281373, 0.982714674, 0.00872093, 0.049258661, 2.092805713]
(732,26)	[3, 0.99127907, 0.990748318, 0.999609778, 0.991317745, 0.99127907, 0.991274895, 0.982702161, 0.00872093, 0.024220505, 2.538357825]
(735,26)	[3, 0.86627907, 0.87111293, 0.953313481, 0.873871761, 0.86627907, 0.866527882, 0.764510404, 0.13372093, 0.307036993, 0.966663971]
(736,26)	[3, 0.85755814, 0.854769049, 0.931593623, 0.857508915, 0.85755814, 0.857298097, 0.750568093, 0.14244186, 0.327601282, 0.999912966]
(738,26)	[3, 0.942829457, 0.94696763, 0.99677214, 0.947681166, 0.942829457, 0.942952888, 0.892073723, 0.057170543, 0.142679919, 1.339964395]
(739,26)	[3, 0.845930233, 0.844312602, 0.893181336, 0.845857893, 0.845930233, 0.845886869, 0.733218728, 0.154069767, 3.869726508, 1.33113898]
(740,26)	[3, 0.971899225, 0.969017094, 0.999530218, 0.973273462, 0.971899225, 0.971802155, 0.945172687, 0.028100775, 0.070915298, 1.583589833]
(742,26)	[3, 0.977713178, 0.978700673, 0.998840698, 0.97807027, 0.977713178, 0.977735905, 0.956447636, 0.022286822, 0.054257958, 1.146007878]
(744,26)	[3, 0.953488372, 0.956355701, 0.994832394, 0.955998943, 0.953488372, 0.953583023, 0.91129671, 0.046511628, 0.176219214, 1.424677381]
(745,26)	[3, 0.978682171, 0.979405346, 0.996029581, 0.978901574, 0.978682171, 0.978699505, 0.958293461, 0.021317829, 0.106443127, 1.555289871]
(1244,26)	[3, 0.81879845, 0.819126205, 0.87927161, 0.820015807, 0.81879845, 0.819067841, 0.693787966, 0.18120155, 3.549250358, 1.392173213]
(747,27)	[3, 0.852173913, 0.852173913, 0.93826087, 0.861018526, 0.852173913, 0.851262934, 0.741221242, 0.147826087, 0.374579382, 25.11866248]
(748,27)	[3, 0.832608696, 0.832608696, 0.940680529, 0.849808147, 0.832608696, 0.830525505, 0.710611405, 0.167391304, 0.381822418, 25.94721836]
(749,27)	[3, 0.806521739, 0.806521739, 0.933213611, 0.831385012, 0.806521739, 0.802823278, 0.671447591, 0.193478261, 0.420817579, 25.5448217]
(760,27)	[3, 0.932608696, 0.932608696, 0.981266541, 0.932813239, 0.932608696, 0.932600733, 0.873713992, 0.067391304, 0.181717415, 25.02032881]
(761,27)	[3, 0.830434783, 0.830434783, 0.919678639, 0.832471089, 0.830434783, 0.830174748, 0.70971223, 0.169565217, 0.38202449, 25.50624868]
(764,27)	[3, 0.880434783, 0.880434783, 0.943081285, 0.880441974, 0.880434783, 0.880434218, 0.786406962, 0.119565217, 0.309229716, 25.20653683]
(766,27)	[3, 0.87173913, 0.87173913, 0.922495274, 0.871802386, 0.87173913, 0.871733675, 0.772632095, 0.12826087, 0.361293797, 25.3301833]
(777,28)	[2, 0.85741018, 0.849315743, 0.982461319, 0.880352012, 0.85741018, 0.852239001, 0.752427464, 0.14258982, 0.571282136, 5.423294124]
(877,28)	[2, 0.86489521, 0.857333035, 0.984675504, 0.876964359, 0.86489521, 0.862404371, 0.759526908, 0.13510479, 0.518195213, 5.444412906]
(802,29)	[3, 0.8125, 0.803781917, 0.966745094, 0.851867519, 0.8125, 0.811462052, 0.683790048, 0.1875, 1.0211873, 1.052844242]
(927,34)	[3, 0.867887508, 0.867887508, 0.94517634, 0.872602574, 0.867887508, 0.86746823, 0.766031385, 0.132112492, 0.419967672, 1.987635972]
(301,38)	[3, 0.893333333, 0.893333333, 0.992288889, 0.910882585, 0.893333333, 0.892182078, 0.805533438, 0.106666667, 0.561169098, 1.11730655]
(306,38)	[3, 0.85, 0.85, 1.0, 0.884615385, 0.85, 0.846547315, 0.734615385, 0.15, 0.607123111, 1.984680096]
(319,38)	[3, 0.951666667, 0.951666667, 0.990327778, 0.952798663, 0.951666667, 0.951636439, 0.907737674, 0.048333333, 0.813434701, 1.368232568]
(424,38)	[3, 0.915, 0.915, 0.978011111, 0.916671315, 0.915, 0.914914678, 0.843184394, 0.085, 0.243659039, 1.361582279]
(440,38)	[3, 0.883333333, 0.883333333, 0.994855556, 0.902830321, 0.883333333, 0.881904376, 0.788997265, 0.116666667, 0.269038566, 1.467585564]
(1022,38)	[3, 0.988333333, 0.988333333, 1.0, 0.988599349, 0.988333333, 0.988331745, 0.976932682, 0.011666667, 0.04083721, 1.112345854]
(1023,38)	[3, 1.0, 1.0, 1.0, 1.0, 1.0, 1.0, 1.0, 0.0, 0.001170853, 1.212824583]
(1024,38)	[3, 1.0, 1.0, 1.0, 1.0, 1.0, 1.0, 1.0, 0.0, 0.00034615, 1.375980377]
(1025,38)	[3, 1.0, 1.0, 1.0, 1.0, 1.0, 1.0, 1.0, 0.0, 2.21e-05, 0.985159079]
(1026,38)	[3, 1.0, 1.0, 1.0, 1.0, 1.0, 1.0, 1.0, 0.0, 1.7e-05, 1.105611722]
(1027,38)	[3, 1.0, 1.0, 1.0, 1.0, 1.0, 1.0, 1.0, 0.0, 3.61e-14, 1.156309446]
(1028,38)	[3, 1.0, 1.0, 1.0, 1.0, 1.0, 1.0, 1.0, 0.0, 7.75e-06, 1.285076141]
(1029,38)	[3, 1.0, 1.0, 1.0, 1.0, 1.0, 1.0, 1.0, 0.0, 4.66e-06, 1.458180348]
(1030,38)	[3, 1.0, 1.0, 1.0, 1.0, 1.0, 1.0, 1.0, 0.0, 2.32e-07, 1.705583334]
(1031,38)	[3, 1.0, 1.0, 1.0, 1.0, 1.0, 1.0, 1.0, 0.0, 7.25e-07, 1.995383898]
(1032,38)	[3, 1.0, 1.0, 1.0, 1.0, 1.0, 1.0, 1.0, 0.0, 2.29e-06, 2.457267443]
(1034,38)	[3, 0.996666667, 0.996666667, 0.999988889, 0.996688742, 0.996666667, 0.99666663, 0.993355408, 0.003333333, 0.064877519, 0.909237067]
(1035,38)	[3, 1.0, 1.0, 1.0, 1.0, 1.0, 1.0, 1.0, 0.0, 0.003570444, 0.831055244]
(1036,38)	[3, 1.0, 1.0, 1.0, 1.0, 1.0, 1.0, 1.0, 0.0, 0.011021217, 0.888854265]
(1037,38)	[3, 0.99, 0.99, 0.999622222, 0.990087127, 0.99, 0.989999556, 0.980197157, 0.01, 0.032755983, 1.045836608]
(1038,38)	[3, 1.0, 1.0, 1.0, 1.0, 1.0, 1.0, 1.0, 0.0, 1.69e-06, 1.237577597]
(1039,38)	[3, 0.998333333, 0.998333333, 1.0, 0.99833887, 0.998333333, 0.998333329, 0.996672204, 0.001666667, 0.010356163, 1.246902148]
(1040,38)	[3, 1.0, 1.0, 1.0, 1.0, 1.0, 1.0, 1.0, 0.0, 2.63e-05, 1.465299924]
(1041,38)	[3, 0.953333333, 0.953333333, 0.978333333, 0.957317073, 0.953333333, 0.953231482, 0.910650407, 0.046666667, 1.34127512, 1.477622191]
(1042,38)	[3, 1.0, 1.0, 1.0, 1.0, 1.0, 1.0, 1.0, 0.0, 5e-06, 1.048861742]
(1043,38)	[3, 0.933333333, 0.933333333, 0.995, 0.941176471, 0.933333333, 0.933035714, 0.874509804, 0.066666667, 1.650044941, 1.02456371]
(1044,38)	[3, 1.0, 1.0, 1.0, 1.0, 1.0, 1.0, 1.0, 0.0, 6.4e-09, 1.377821763]
(1045,38)	[3, 1.0, 1.0, 1.0, 1.0, 1.0, 1.0, 1.0, 0.0, 3.94e-07, 1.471691926]
(1046,38)	[3, 0.995, 0.995, 0.998722222, 0.9950055, 0.995, 0.994999986, 0.990049724, 0.005, 0.028946483, 1.1310486]
(1472,38)	[3, 0.806666667, 0.806666667, 0.913722222, 0.816935373, 0.806666667, 0.805087878, 0.674124063, 0.193333333, 0.692885236, 1.12065196]
(1480,38)	[3, 0.993333333, 0.993333333, 0.999888889, 0.99335526, 0.993333333, 0.993333259, 0.986754822, 0.006666667, 0.537310445, 1.723100344]
(1494,38)	[3, 0.951666667, 0.951666667, 0.997466667, 0.954825175, 0.951666667, 0.951582609, 0.907644247, 0.048333333, 0.606734319, 1.3572975]
(1495,38)	[3, 0.855, 0.855, 0.932433333, 0.859348112, 0.855, 0.854560044, 0.746139144, 0.145, 1.878232816, 1.439014673]
(1624,38)	[3, 0.825, 0.825, 0.899911111, 0.833177661, 0.825, 0.823919551, 0.700797872, 0.175, 0.510814736, 4.529758692]
(1639,38)	[3, 0.913333333, 0.913333333, 0.99085, 0.921596627, 0.913333333, 0.912906576, 0.839826144, 0.086666667, 1.197873298, 3.375147184]
(1064,39)	[3, 0.803548796, 0.79160188, 0.967706499, 0.811682426, 0.803548796, 0.805713777, 0.681675245, 0.196451204, 0.620289501, 36.86161488]
(1068,39)	[3, 0.812420786, 0.786185597, 0.968385894, 0.821762023, 0.812420786, 0.811426007, 0.689733298, 0.187579214, 0.601716666, 34.42537286]
(1172,44)	[3, 0.941939891, 0.911300134, 0.976638337, 0.941677859, 0.941939891, 0.940983175, 0.890294802, 0.058060109, 0.168016843, 2.307718284]
(1173,44)	[3, 0.93954918, 0.929347314, 0.982236373, 0.940482552, 0.93954918, 0.939897631, 0.88809951, 0.06045082, 0.152571938, 2.525356909]
(1174,44)	[3, 0.90317623, 0.82687493, 0.979290108, 0.910488774, 0.90317623, 0.896656618, 0.818962912, 0.09682377, 0.233845477, 2.744752283]
(1175,44)	[3, 0.946379781, 0.910962176, 0.985088464, 0.947155985, 0.946379781, 0.945104675, 0.897542076, 0.053620219, 0.152640333, 2.088890253]
(1176,44)	[3, 0.950990437, 0.921677551, 0.986794515, 0.951186933, 0.950990437, 0.950118979, 0.906279611, 0.049009563, 0.142113799, 2.045175661]
(1177,44)	[3, 0.941086066, 0.892421586, 0.989189048, 0.944919661, 0.941086066, 0.938745195, 0.886750067, 0.058913934, 0.240254191, 2.232695294]
(1178,44)	[3, 0.959528689, 0.942839088, 0.98978794, 0.959284522, 0.959528689, 0.959283171, 0.922566493, 0.040471311, 0.111581969, 2.486060877]
(1179,44)	[3, 0.956284153, 0.927691085, 0.988756326, 0.956792437, 0.956284153, 0.955470208, 0.915800058, 0.043715847, 0.134718628, 2.694370072]
(1180,44)	[3, 0.957821038, 0.939282844, 0.987635418, 0.957561743, 0.957821038, 0.957501912, 0.919361786, 0.042178962, 0.122598622, 3.125427118]
(1181,44)	[3, 0.946550546, 0.939513619, 0.984057146, 0.947647223, 0.946550546, 0.946922614, 0.900369543, 0.053449454, 0.14350375, 3.755981276]
(1182,44)	[3, 0.956113388, 0.930556703, 0.988422212, 0.956208781, 0.956113388, 0.955456944, 0.915747236, 0.043886612, 0.133409142, 4.185694977]
(1183,44)	[3, 0.881659836, 0.856870677, 0.927725383, 0.883502835, 0.881659836, 0.882440262, 0.794329509, 0.118340164, 2.122498884, 3.028203067]
(1184,44)	[3, 0.919569672, 0.877280162, 0.967656955, 0.918874323, 0.919569672, 0.917687294, 0.851214683, 0.080430328, 0.550431234, 2.075172391]
(1185,44)	[3, 0.93852459, 0.903193435, 0.981601113, 0.938544004, 0.93852459, 0.937230686, 0.883899101, 0.06147541, 0.166259585, 1.636423415]
(1186,44)	[3, 0.926912568, 0.884101335, 0.974249792, 0.926973953, 0.926912568, 0.924969995, 0.863299614, 0.073087432, 0.193945423, 1.675770664]
(1187,44)	[3, 0.862704918, 0.766532543, 0.935141531, 0.866722672, 0.862704918, 0.851208654, 0.753146764, 0.137295082, 0.350858586, 2.411348246]
(1188,44)	[3, 0.952356557, 0.943492088, 0.987996143, 0.952820649, 0.952356557, 0.952537222, 0.910363178, 0.047643443, 0.123657997, 2.343274246]
(1190,44)	[3, 0.961407104, 0.943330871, 0.991322498, 0.961217499, 0.961407104, 0.961094221, 0.925863406, 0.038592896, 0.101465852, 2.442604206]
(1191,44)	[3, 0.848360656, 0.793886868, 0.879945312, 0.844948916, 0.848360656, 0.846074859, 0.741983075, 0.151639344, 3.222936296, 2.332429335]
(1192,44)	[3, 0.953893443, 0.929234366, 0.988788259, 0.953782677, 0.953893443, 0.953283442, 0.91185135, 0.046106557, 0.124243004, 1.716105217]
(1193,44)	[3, 0.936646175, 0.922983552, 0.976695329, 0.937125968, 0.936646175, 0.936850152, 0.882872157, 0.063353825, 0.517648201, 1.682818669]
(1194,44)	[3, 0.949965847, 0.912027571, 0.987016124, 0.951759252, 0.949965847, 0.948551694, 0.903621882, 0.050034153, 0.172850712, 3.594972438]
(1195,44)	[3, 0.958674863, 0.940066755, 0.988474547, 0.958434558, 0.958674863, 0.958348791, 0.9208911, 0.041325137, 0.123131521, 1.916238967]
(1196,44)	[3, 0.885075137, 0.899178227, 0.96510527, 0.904117908, 0.885075137, 0.88903864, 0.803170945, 0.114924863, 0.733773448, 2.281983123]
(1602,44)	[3, 0.903346995, 0.907721862, 0.968469251, 0.913600705, 0.903346995, 0.905798299, 0.830403517, 0.096653005, 0.293324961, 1.979881378]
(327,46)	[3, 0.920651068, 0.920651068, 0.989087116, 0.928859994, 0.920651068, 0.920269533, 0.852362463, 0.079348932, 0.264160749, 1.54973847]
(344,46)	[3, 0.845879959, 0.845879959, 0.929936075, 0.857200876, 0.845879959, 0.844649059, 0.731323773, 0.154120041, 2.892848796, 3.495800289]
(345,46)	[3, 0.856561546, 0.856561546, 0.928212988, 0.857985651, 0.856561546, 0.856418751, 0.748919333, 0.143438454, 2.19567217, 1.523676748]
(730,46)	[3, 0.81180061, 0.81180061, 0.974613185, 0.854739941, 0.81180061, 0.805927765, 0.676280522, 0.18819939, 0.492780112, 1.74810964]
(732,46)	[3, 0.871312309, 0.871312309, 0.98350804, 0.891458279, 0.871312309, 0.869635037, 0.769642889, 0.128687691, 0.37906901, 2.462915098]
(740,46)	[3, 0.833672431, 0.833672431, 0.912221913, 0.833824784, 0.833672431, 0.833653452, 0.714760201, 0.166327569, 0.63042011, 1.52460726]
(1227,46)	[3, 0.950661241, 0.950661241, 0.988786999, 0.950672901, 0.950661241, 0.950660922, 0.905961639, 0.049338759, 0.15609562, 1.159565374]
(1244,46)	[3, 0.837741607, 0.837741607, 0.928759926, 0.859723998, 0.837741607, 0.835224286, 0.717593898, 0.162258393, 3.287984062, 1.377795259]
(1245,46)	[3, 0.856052899, 0.856052899, 0.930011104, 0.863972393, 0.856052899, 0.855265598, 0.747282099, 0.143947101, 2.372572993, 1.48506458]
(1272,48)	[3, 0.918209036, 0.91315113, 0.980523746, 0.918498712, 0.918209036, 0.917899077, 0.848564447, 0.081790964, 0.211280358, 0.910609847]
(1273,48)	[3, 0.919161677, 0.9082098, 0.989666733, 0.924434375, 0.919161677, 0.918082435, 0.849043288, 0.080838323, 0.193067303, 0.976277455]
(1274,48)	[3, 0.948829614, 0.95185901, 0.988061536, 0.950643568, 0.948829614, 0.949000206, 0.903013496, 0.051170386, 0.147603452, 1.132854931]
(1275,48)	[3, 0.992787153, 0.993706958, 0.998827168, 0.99290699, 0.992787153, 0.992794524, 0.985694143, 0.007212847, 0.031926376, 0.823604522]
(1276,48)	[3, 0.993603702, 0.994419378, 0.999344961, 0.993698119, 0.993603702, 0.993609534, 0.987301821, 0.006396298, 0.033789551, 0.840162154]
(1277,48)	[3, 0.980811105, 0.982607713, 0.999446098, 0.981324485, 0.980811105, 0.980849143, 0.962430163, 0.019188895, 0.073875383, 0.883441972]
(1278,48)	[3, 0.990473598, 0.98965587, 0.999432774, 0.990495452, 0.990473598, 0.99046762, 0.981119333, 0.009526402, 0.042532036, 0.995328424]
(1279,48)	[3, 0.993875885, 0.994453595, 0.999748598, 0.993930247, 0.993875885, 0.993880093, 0.987836138, 0.006124115, 0.026981707, 1.181183623]
(1280,48)	[3, 0.991834513, 0.991127795, 0.999710142, 0.991851087, 0.991834513, 0.991830088, 0.983795575, 0.008165487, 0.030745215, 1.518638159]
(1281,48)	[3, 0.99346761, 0.994300641, 0.999340646, 0.993566058, 0.99346761, 0.993473687, 0.987033668, 0.00653239, 0.031171613, 1.757590584]
(1282,48)	[3, 0.991426238, 0.99247894, 0.999485538, 0.991585182, 0.991426238, 0.991436241, 0.983020681, 0.008573762, 0.02880377, 2.373857802]
(1284,48)	[3, 0.843086554, 0.833461848, 0.92942244, 0.84357255, 0.843086554, 0.841819609, 0.728012279, 0.156913446, 0.549497997, 0.756132356]
(1285,48)	[3, 0.892623843, 0.882942287, 0.968498189, 0.895015257, 0.892623843, 0.891552777, 0.805005287, 0.107376157, 0.291140393, 0.682398717]
(1286,48)	[3, 0.873979314, 0.859073573, 0.964498387, 0.881617937, 0.873979314, 0.871518208, 0.773529403, 0.126020686, 0.288518288, 0.725845831]
(1287,48)	[3, 0.84363092, 0.848896476, 0.921943849, 0.850935374, 0.84363092, 0.844437273, 0.731001901, 0.15636908, 0.370502852, 0.806921257]
(1288,48)	[3, 0.993739793, 0.994375509, 0.99967373, 0.993803246, 0.993739793, 0.99374445, 0.987568235, 0.006260207, 0.025708914, 0.979679982]
(1290,48)	[3, 0.988432226, 0.98974478, 0.999090455, 0.988686182, 0.988432226, 0.988448982, 0.977166602, 0.011567774, 0.047342282, 1.212486088]
(1292,48)	[3, 0.994964616, 0.99548479, 0.999697727, 0.995006866, 0.994964616, 0.994967694, 0.989986807, 0.005035384, 0.021909787, 0.843044202]
(1294,48)	[3, 0.994692433, 0.994881455, 0.99971264, 0.994704082, 0.994692433, 0.994694028, 0.989445241, 0.005307567, 0.021789476, 1.161371811]
(1295,48)	[3, 0.991698421, 0.992635111, 0.998865624, 0.991829024, 0.991698421, 0.991707207, 0.983553454, 0.008301579, 0.041726014, 1.225383858]
(1296,48)	[3, 0.843767011, 0.821860139, 0.963936764, 0.86203416, 0.843767011, 0.838132032, 0.723924116, 0.156232989, 0.356064851, 0.907779162]
(75,49)	[3, 0.884615385, 0.875, 0.986993634, 0.89821733, 0.884615385, 0.878001438, 0.790717707, 0.115384615, 0.386877843, 1.105786898]
(76,49)	[3, 0.865384615, 0.854166667, 0.985980903, 0.876741104, 0.865384615, 0.861395515, 0.765352166, 0.134615385, 0.363978815, 1.223370051]
(77,49)	[3, 0.846153846, 0.836111111, 0.953587963, 0.844372543, 0.846153846, 0.84348047, 0.734455984, 0.153846154, 1.07075943, 1.272488863]
(78,49)	[3, 0.871794872, 0.861111111, 0.981785301, 0.873131698, 0.871794872, 0.867604779, 0.771319179, 0.128205128, 0.317211675, 1.41779276]
(79,49)	[3, 0.891025641, 0.884722222, 0.984910301, 0.905054207, 0.891025641, 0.890421126, 0.80937233, 0.108974359, 0.352487434, 1.609521034]
(80,49)	[3, 0.935897436, 0.931944444, 0.992086227, 0.937473494, 0.935897436, 0.935925596, 0.880923309, 0.064102564, 0.170629848, 1.936122393]
(81,49)	[3, 0.91025641, 0.904166667, 0.991059028, 0.915260835, 0.91025641, 0.908552304, 0.836200758, 0.08974359, 0.211335715, 2.259795482]
(82,49)	[3, 0.916666667, 0.911111111, 0.992028356, 0.923260073, 0.916666667, 0.916128743, 0.849883028, 0.083333333, 0.195495407, 2.680769333]
(88,49)	[3, 0.807692308, 0.798611111, 0.942679398, 0.810719931, 0.807692308, 0.807880706, 0.69035409, 0.192307692, 0.759467886, 1.490762601]
(90,49)	[3, 0.865384615, 0.854166667, 0.958883102, 0.86594242, 0.865384615, 0.863212929, 0.766759968, 0.134615385, 0.867312089, 1.85274925]
(92,49)	[3, 0.807692308, 0.794444444, 0.954701968, 0.820828079, 0.807692308, 0.80157042, 0.689529472, 0.192307692, 0.918891025, 1.252784179]
(95,49)	[3, 0.814102564, 0.801388889, 0.946556713, 0.824575488, 0.814102564, 0.809386548, 0.700895689, 0.185897436, 1.402214714, 1.503857282]
(1300,49)	[3, 0.851851852, 0.847205399, 0.980773896, 0.841649226, 0.851851852, 0.831194463, 0.751241972, 0.148148148, 0.56032351, 0.978337394]
(1301,49)	[3, 0.866666667, 0.861002781, 0.98748468, 0.860898646, 0.866666667, 0.841323301, 0.770850409, 0.133333333, 0.501905343, 1.090280656]
(1302,49)	[3, 0.838888889, 0.834958534, 0.98259463, 0.800875941, 0.838888889, 0.804143226, 0.734179668, 0.161111111, 0.697306957, 1.102421902]
(1303,49)	[3, 0.877777778, 0.873050455, 0.985150344, 0.875297145, 0.877777778, 0.861539207, 0.788212091, 0.122222222, 0.498071419, 1.226955873]
(1304,49)	[3, 0.92037037, 0.918972473, 0.995084307, 0.926413591, 0.92037037, 0.913003594, 0.855364879, 0.07962963, 0.28713984, 1.412573126]
(1305,49)	[3, 0.87037037, 0.865689991, 0.983276356, 0.842228711, 0.87037037, 0.837479861, 0.783822986, 0.12962963, 0.542360473, 1.718513171]
(1306,49)	[3, 0.874074074, 0.869755781, 0.987094421, 0.85962487, 0.874074074, 0.852804354, 0.791813263, 0.125925926, 0.488267586, 2.022517169]
(1307,49)	[3, 0.862962963, 0.859493078, 0.988466692, 0.865332197, 0.862962963, 0.832660407, 0.755626449, 0.137037037, 0.482455474, 2.458496447]
(1313,49)	[3, 0.868518519, 0.866625556, 0.991193074, 0.870114645, 0.868518519, 0.855437943, 0.777293226, 0.131481481, 0.378608678, 3.714605172]
(1315,49)	[3, 0.833333333, 0.829847925, 0.983036562, 0.836358797, 0.833333333, 0.829876423, 0.733555783, 0.166666667, 0.452796395, 1.479265425]
(1317,49)	[3, 0.85, 0.845336988, 0.981571489, 0.821930689, 0.85, 0.819699373, 0.752903089, 0.15, 0.522020563, 1.045111374]
(1319,49)	[3, 0.803703704, 0.797294226, 0.970561259, 0.797549125, 0.803703704, 0.787715068, 0.689045342, 0.196296296, 0.945636953, 15.79480039]
(100,51)	[3, 0.9886, 0.9886, 0.9992656, 0.988648865, 0.9886, 0.988599715, 0.977456439, 0.0114, 0.03579617, 0.904696417]
(101,51)	[3, 0.991, 0.991, 0.99929424, 0.991001964, 0.991, 0.990999991, 0.982160537, 0.009, 0.028768131, 0.926130819]
(102,51)	[3, 0.9704, 0.9704, 0.99549232, 0.970689493, 0.9704, 0.970395448, 0.942493601, 0.0296, 0.176997723, 1.077427101]
(103,51)	[3, 0.991, 0.991, 0.99926784, 0.991006363, 0.991, 0.990999971, 0.982160498, 0.009, 0.025354765, 1.294396257]
(104,51)	[3, 0.9928, 0.9928, 0.99938992, 0.992802839, 0.9928, 0.99279999, 0.985702919, 0.0072, 0.023602233, 1.452498865]
(105,51)	[3, 0.9894, 0.9894, 0.99914576, 0.989434535, 0.9894, 0.989399813, 0.979022001, 0.0106, 0.032219996, 1.782359123]
(106,51)	[3, 0.9874, 0.9874, 0.9990976, 0.98740195, 0.9874, 0.987399987, 0.975113545, 0.0126, 0.035295809, 2.110436392]
(107,51)	[3, 0.989, 0.989, 0.99889072, 0.989022612, 0.989, 0.988999873, 0.978239121, 0.011, 0.036564007, 2.457280064]
(113,51)	[3, 0.9784, 0.9784, 0.99818608, 0.978488501, 0.9784, 0.978399001, 0.957711517, 0.0216, 0.065070872, 1.262650776]
(115,51)	[3, 0.976, 0.976, 0.99814928, 0.976312156, 0.976, 0.975996067, 0.953117675, 0.024, 0.078006146, 1.254354715]
(117,51)	[3, 0.9722, 0.9722, 0.99705248, 0.972327037, 0.9722, 0.972198131, 0.945900429, 0.0278, 0.094824675, 0.885906887]
(119,51)	[3, 0.9648, 0.9648, 0.99480288, 0.964866941, 0.9648, 0.964798733, 0.931991533, 0.0352, 0.162726147, 2.348302364]
(120,51)	[3, 0.9632, 0.9632, 0.9950824, 0.963774635, 0.9632, 0.963188597, 0.928991884, 0.0368, 0.174723151, 1.280653143]
(375,51)	[3, 0.9938, 0.9938, 0.99962672, 0.993803871, 0.9938, 0.993799988, 0.987676382, 0.0062, 0.020420219, 0.8219872]
(376,51)	[3, 0.9938, 0.9938, 0.99970608, 0.993800079, 0.9938, 0.9938, 0.987676406, 0.0062, 0.017056756, 0.943109798]
(377,51)	[3, 0.9846, 0.9846, 0.9987744, 0.984600698, 0.9846, 0.984599994, 0.969667116, 0.0154, 0.048569227, 0.948570633]
(378,51)	[3, 0.9954, 0.9954, 0.9996664, 0.995400079, 0.9954, 0.9954, 0.990842126, 0.0046, 0.01590992, 1.031735897]
(379,51)	[3, 0.9954, 0.9954, 0.99957776, 0.995400713, 0.9954, 0.995399998, 0.990842123, 0.0046, 0.016402033, 1.214627123]
(380,51)	[3, 0.992, 0.992, 0.99933792, 0.99201543, 0.992, 0.991999937, 0.984126862, 0.008, 0.026614854, 1.490017843]
(381,51)	[3, 0.992, 0.992, 0.9993888, 0.992011336, 0.992, 0.991999954, 0.984126894, 0.008, 0.026464924, 1.833569574]
(382,51)	[3, 0.991, 0.991, 0.99929712, 0.991001964, 0.991, 0.990999991, 0.982160537, 0.009, 0.024471932, 2.268439913]
(385,51)	[3, 0.8002, 0.8002, 0.88270176, 0.801678223, 0.8002, 0.799954945, 0.666660826, 0.1998, 0.432797718, 0.709496498]
(388,51)	[3, 0.9676, 0.9676, 0.99814688, 0.969244533, 0.9676, 0.967571588, 0.937181992, 0.0324, 0.11851059, 1.065514898]
(390,51)	[3, 0.985, 0.985, 0.99887392, 0.985000698, 0.985, 0.984999995, 0.970443339, 0.015, 0.0443017, 1.249689484]
(392,51)	[3, 0.976, 0.976, 0.998128, 0.976161209, 0.976, 0.975997968, 0.953121216, 0.024, 0.065622281, 0.888614988]
(394,51)	[3, 0.973, 0.973, 0.99700576, 0.973009157, 0.973, 0.972999869, 0.947419428, 0.027, 0.091075661, 1.191123295]
(395,51)	[3, 0.9758, 0.9758, 0.99748048, 0.975915819, 0.9758, 0.975798528, 0.952740864, 0.0242, 0.081157018, 1.278503466]
(444,51)	[3, 0.8928, 0.8928, 0.93090896, 0.9099965, 0.8928, 0.891664015, 0.804687763, 0.1072, 3.052387717, 1.197301579]
(445,51)	[3, 0.9362, 0.9362, 0.9633152, 0.941862127, 0.9362, 0.935994956, 0.879712128, 0.0638, 1.670318542, 1.241810656]
(1369,51)	[3, 0.9126, 0.9126, 0.93902112, 0.92417621, 0.9126, 0.911999594, 0.838316661, 0.0874, 2.555761779, 2.349009037]
(1370,51)	[3, 0.9462, 0.9462, 0.96956816, 0.949843734, 0.9462, 0.946090834, 0.897706806, 0.0538, 1.445434705, 1.278206015]
(1644,51)	[3, 0.8688, 0.8688, 0.90951576, 0.895362272, 0.8688, 0.866558699, 0.764948671, 0.1312, 3.80296359, 1.144647789]
(1645,51)	[3, 0.943, 0.943, 0.96638568, 0.947017363, 0.943, 0.942871646, 0.891930262, 0.057, 1.526125328, 1.226085377]
(1372,52)	[3, 0.964518037, 0.964518037, 0.995803434, 0.965153733, 0.964518037, 0.964494308, 0.931435252, 0.035481963, 0.158056552, 1.081703401]
(1373,52)	[3, 0.832840528, 0.832840528, 0.984228024, 0.873071271, 0.832840528, 0.825775317, 0.713286334, 0.167159472, 0.401519288, 1.261543621]
(1374,52)	[3, 0.981076286, 0.981076286, 0.99778159, 0.981287849, 0.981076286, 0.981077731, 0.962859836, 0.018923714, 0.140937987, 1.428799824]
(1375,52)	[3, 0.99901439, 0.99901439, 0.999998018, 0.999014855, 0.99901439, 0.999014448, 0.998031341, 0.00098561, 0.020549366, 0.848532757]
(1376,52)	[3, 0.998817268, 0.998817268, 0.999997319, 0.998820174, 0.998817268, 0.998817266, 0.997637674, 0.001182732, 0.016713405, 1.009462854]
(1377,52)	[3, 0.995466194, 0.995466194, 0.999999942, 0.995527032, 0.995466194, 0.995465984, 0.990993226, 0.004533806, 0.026343566, 1.026566203]
(1378,52)	[3, 0.999802878, 0.999802878, 0.999999184, 0.999802994, 0.999802878, 0.999802878, 0.999605872, 0.000197122, 0.00985938, 1.089057249]
(1379,52)	[3, 0.996451804, 0.996451804, 0.999993938, 0.996473032, 0.996451804, 0.996452456, 0.99293553, 0.003548196, 0.038327118, 1.270415396]
(1380,52)	[3, 0.999605756, 0.999605756, 0.999903013, 0.999605989, 0.999605756, 0.999605698, 0.999211745, 0.000394244, 0.024440038, 1.645981384]
(1381,52)	[3, 0.99901439, 0.99901439, 0.99994154, 0.999015903, 0.99901439, 0.999014389, 0.998031222, 0.00098561, 0.094538819, 2.021968141]
(1382,52)	[3, 0.995663316, 0.995663316, 0.999935653, 0.995692477, 0.995663316, 0.995657904, 0.991357645, 0.004336684, 0.035503453, 2.582387249]
(1384,52)	[3, 0.9570274, 0.9570274, 0.997464633, 0.959524407, 0.9570274, 0.956946104, 0.918354773, 0.0429726, 0.189782661, 0.913524778]
(1385,52)	[3, 0.99605756, 0.99605756, 0.999979775, 0.996077572, 0.99605756, 0.996056631, 0.992151003, 0.00394244, 0.024992614, 0.766784887]
(1386,52)	[3, 0.999605756, 0.999605756, 0.999991024, 0.999606222, 0.999605756, 0.999605756, 0.999211978, 0.000394244, 0.014971067, 0.782570565]
(1387,52)	[3, 0.965306525, 0.965306525, 0.996930096, 0.967332309, 0.965306525, 0.965437784, 0.933431298, 0.034693475, 0.134762003, 1.277260308]
(1388,52)	[3, 0.998817268, 0.998817268, 0.99997109, 0.998819362, 0.998817268, 0.998816741, 0.99763663, 0.001182732, 0.012602882, 1.05955839]
(1390,52)	[3, 0.99901439, 0.99901439, 0.999908317, 0.999014506, 0.99901439, 0.999014273, 0.998030759, 0.00098561, 0.00715656, 1.42564845]
(1392,52)	[3, 0.998620146, 0.998620146, 0.999830447, 0.998624328, 0.998620146, 0.998620142, 0.997244706, 0.001379854, 0.009687552, 0.813668704]
(1394,52)	[3, 0.999211512, 0.999211512, 0.999943813, 0.999213373, 0.999211512, 0.999211686, 0.998424885, 0.000788488, 0.005033891, 0.888985148]
(1395,52)	[3, 0.999211512, 0.999211512, 0.999908608, 0.999213373, 0.999211512, 0.999211686, 0.998424885, 0.000788488, 0.005995201, 0.980713042]
(1396,52)	[3, 0.944805835, 0.944805835, 0.993666974, 0.945933309, 0.944805835, 0.944695721, 0.895221043, 0.055194165, 0.163263546, 0.867565402]
(1569,53)	[3, 0.861122165, 0.868767941, 0.921059084, 0.8733688, 0.861122165, 0.861501276, 0.756728235, 0.138877835, 3.524424636, 1.707146664]
(1250,55)	[3, 0.918666667, 0.921266906, 0.993464195, 0.91892232, 0.918666667, 0.918178063, 0.853219457, 0.081333333, 0.213044735, 0.88734738]
(1251,55)	[3, 0.925666667, 0.927829745, 0.994133973, 0.925203937, 0.925666667, 0.925299501, 0.864320663, 0.074333333, 0.203620745, 1.00538977]
(1252,55)	[3, 0.895333333, 0.89705022, 0.990728223, 0.90068273, 0.895333333, 0.895367682, 0.815005368, 0.104666667, 0.296878029, 1.04050827]
(1253,55)	[3, 0.922666667, 0.924765213, 0.993987869, 0.922636181, 0.922666667, 0.922560242, 0.859579205, 0.077333333, 0.20377385, 1.153906186]
(1254,55)	[3, 0.923, 0.924779574, 0.993987124, 0.922936489, 0.923, 0.922759794, 0.860012046, 0.077, 0.202745007, 1.345880349]
(1255,55)	[3, 0.921333333, 0.923340641, 0.993875164, 0.921060664, 0.921333333, 0.921005551, 0.857305355, 0.078666667, 0.205404756, 1.632741451]
(1256,55)	[3, 0.914333333, 0.915783203, 0.992865567, 0.915930997, 0.914333333, 0.913538779, 0.844558068, 0.085666667, 0.24744038, 1.910335541]
(1257,55)	[3, 0.918666667, 0.920739182, 0.993636848, 0.918399179, 0.918666667, 0.918418207, 0.852604816, 0.081333333, 0.209237936, 2.350608667]
(1263,55)	[3, 0.916666667, 0.918888928, 0.993646178, 0.917709435, 0.916666667, 0.916694581, 0.849049542, 0.083333333, 0.217771839, 1.167575518]
(1265,55)	[3, 0.915333333, 0.91811476, 0.99371417, 0.917686763, 0.915333333, 0.915140687, 0.846825367, 0.084666667, 0.223624649, 1.362557093]
(1267,55)	[3, 0.899666667, 0.903237577, 0.99254216, 0.902789089, 0.899666667, 0.899592533, 0.821371947, 0.100333333, 0.25343507, 0.965911468]
(1269,55)	[3, 0.883, 0.886396029, 0.98710384, 0.882761292, 0.883, 0.881734151, 0.793676371, 0.117, 0.362035031, 1.293750207]
(1270,55)	[3, 0.884666667, 0.8867093, 0.987815399, 0.887560582, 0.884666667, 0.88431041, 0.7993146, 0.115333333, 0.340082475, 1.373696407]
(1450,55)	[3, 0.921666667, 0.9238678, 0.994099919, 0.922776721, 0.921666667, 0.921551596, 0.858829261, 0.078333333, 0.202173023, 0.904366096]
(1451,55)	[3, 0.929333333, 0.93104723, 0.994308853, 0.92912913, 0.929333333, 0.928967005, 0.870503546, 0.070666667, 0.198784096, 1.018746217]
(1452,55)	[3, 0.907333333, 0.907210613, 0.989687247, 0.909115421, 0.907333333, 0.907117781, 0.83200815, 0.092666667, 0.324151474, 1.043728749]
(1453,55)	[3, 0.922333333, 0.924842827, 0.993959953, 0.922502387, 0.922333333, 0.921997821, 0.858725215, 0.077666667, 0.20544563, 1.153410435]
(1454,55)	[3, 0.926666667, 0.927948794, 0.993909991, 0.926636829, 0.926666667, 0.926445148, 0.865787457, 0.073333333, 0.202016124, 1.356724183]
(1455,55)	[3, 0.923333333, 0.925213791, 0.994047068, 0.923716655, 0.923333333, 0.923102627, 0.861072614, 0.076666667, 0.201852853, 1.631378015]
(1456,55)	[3, 0.914666667, 0.915233212, 0.992901284, 0.916457925, 0.914666667, 0.913951818, 0.844692764, 0.085333333, 0.245435646, 1.922996442]
(1457,55)	[3, 0.919, 0.921393157, 0.993346653, 0.919218488, 0.919, 0.918594556, 0.853256669, 0.081, 0.216988917, 2.355305115]
(1463,55)	[3, 0.911, 0.913451183, 0.993323801, 0.91365347, 0.911, 0.911241606, 0.840219305, 0.089, 0.228285932, 1.188701312]
(1465,55)	[3, 0.919, 0.922084452, 0.99368142, 0.921501121, 0.919, 0.918806701, 0.852384002, 0.081, 0.228229221, 1.406595469]
(1467,55)	[3, 0.912, 0.914742197, 0.992738361, 0.912530615, 0.912, 0.911865778, 0.841322103, 0.088, 0.236276447, 0.996829192]
(1469,55)	[3, 0.872, 0.878385308, 0.988115734, 0.882587549, 0.872, 0.86904683, 0.778188503, 0.128, 0.363070623, 1.320354144]
(1470,55)	[3, 0.887, 0.88841296, 0.988541642, 0.891584543, 0.887, 0.88643098, 0.803372283, 0.113, 0.329267589, 1.407251358]
(394,56)	[3, 0.8255, 0.8255, 0.916757, 0.833726012, 0.8255, 0.82441802, 0.701518909, 0.1745, 0.731221035, 1.43247664]
(429,56)	[3, 0.8245, 0.8245, 0.975643, 0.864971303, 0.8245, 0.819496024, 0.695290449, 0.1755, 0.592688268, 1.636914253]
(1481,56)	[3, 0.8755, 0.8755, 0.908609, 0.887644515, 0.8755, 0.874517187, 0.777188167, 0.1245, 0.612850868, 2.126663804]
(1494,56)	[3, 0.8435, 0.8435, 0.996621, 0.87975985, 0.8435, 0.839672953, 0.724437852, 0.1565, 2.694213734, 1.521254539]
(1495,56)	[3, 0.83, 0.83, 0.9975125, 0.873134328, 0.83, 0.824940789, 0.703134328, 0.17, 3.205890913, 1.555023551]
(1632,56)	[3, 0.8115, 0.8115, 0.902025, 0.81433689, 0.8115, 0.811073735, 0.68228595, 0.1885, 0.622911495, 3.416543126]
(1803,56)	[3, 0.8645, 0.8645, 0.915884, 0.870864404, 0.8645, 0.863916166, 0.760541838, 0.1355, 0.478837811, 1.467900038]
(1500,57)	[3, 0.995279308, 0.995249717, 0.999979939, 0.995327505, 0.995279308, 0.995278959, 0.990656974, 0.004720692, 0.025141953, 5.858309901]
(1501,57)	[3, 0.99606609, 0.996056645, 0.99999106, 0.996090631, 0.99606609, 0.996065968, 0.992193226, 0.00393391, 0.017816514, 5.977986649]
(1502,57)	[3, 0.907946499, 0.907900211, 0.997373584, 0.922180949, 0.907946499, 0.906513125, 0.832360331, 0.092053501, 0.387576198, 6.502380904]
(1503,57)	[3, 0.998426436, 0.998425099, 0.999998665, 0.998438637, 0.998426436, 0.998426388, 0.996865073, 0.001573564, 0.013734398, 6.775967255]
(1504,57)	[3, 0.996852872, 0.996862697, 0.999995247, 0.996889331, 0.996852872, 0.99685585, 0.993742202, 0.003147128, 0.016461167, 7.220169393]
(1505,57)	[3, 0.996852872, 0.996837795, 0.999995844, 0.996889008, 0.996852872, 0.996846278, 0.99374188, 0.003147128, 0.020707257, 7.518727042]
(1506,57)	[3, 0.989771833, 0.989744932, 0.999963819, 0.990175559, 0.989771833, 0.989755469, 0.979947392, 0.010228167, 0.03033879, 6.422521185]
(1507,57)	[3, 0.988985051, 0.989013003, 0.999975316, 0.989211559, 0.988985051, 0.988920041, 0.978313986, 0.011014949, 0.029254564, 7.426104519]
(1513,57)	[3, 0.966955153, 0.966981586, 0.999055631, 0.967363515, 0.966955153, 0.966989097, 0.936627769, 0.033044847, 0.136761403, 5.662319512]
(1515,57)	[3, 0.9693155, 0.969361862, 0.999528432, 0.969930614, 0.9693155, 0.9693878, 0.941168805, 0.0306845, 0.105291146, 5.959430518]
(1517,57)	[3, 0.966168371, 0.966248784, 0.999297276, 0.967159134, 0.966168371, 0.966050702, 0.935148849, 0.033831629, 0.137772344, 5.484444433]
(1519,57)	[3, 0.87804878, 0.877664584, 0.995000369, 0.892271105, 0.87804878, 0.878140655, 0.786246418, 0.12195122, 0.393542093, 5.845036871]
(1520,57)	[3, 0.916601101, 0.916614174, 0.995060258, 0.919696726, 0.916601101, 0.916587414, 0.84737019, 0.083398899, 0.303305667, 5.95742919]
(1172,58)	[3, 0.907142857, 0.907142857, 0.963928571, 0.907225964, 0.907142857, 0.907138119, 0.8300581, 0.092857143, 0.231678536, 64.12001337]
(1174,58)	[3, 0.839285714, 0.839285714, 0.944081633, 0.848696974, 0.839285714, 0.838193936, 0.721683033, 0.160714286, 0.344462253, 7.874532257]
(1175,58)	[3, 0.942857143, 0.942857143, 0.992806122, 0.945128205, 0.942857143, 0.942784163, 0.891768362, 0.057142857, 0.13905649, 6.125007357]
(1176,58)	[3, 0.907142857, 0.907142857, 0.964285714, 0.908476658, 0.907142857, 0.907066993, 0.82994913, 0.092857143, 0.237520138, 5.000128916]
(1177,58)	[3, 0.960714286, 0.960714286, 0.999438776, 0.963576159, 0.960714286, 0.96065356, 0.924290445, 0.039285714, 0.14376767, 6.258069617]
(1178,58)	[3, 0.9, 0.9, 0.96505102, 0.906723387, 0.9, 0.89958502, 0.817558705, 0.1, 0.269816826, 7.479587623]
(1179,58)	[3, 0.946428571, 0.946428571, 0.98244898, 0.946633658, 0.946428571, 0.946422421, 0.898294567, 0.053571429, 0.166882642, 7.547602483]
(1180,58)	[3, 0.942857143, 0.942857143, 0.984234694, 0.944307944, 0.942857143, 0.942810458, 0.891812865, 0.057142857, 0.163097887, 8.323265825]
(1181,58)	[3, 0.878571429, 0.878571429, 0.964693878, 0.899440138, 0.878571429, 0.876964433, 0.781166728, 0.121428571, 0.289715273, 9.47936007]
(1182,58)	[3, 0.939285714, 0.939285714, 0.985408163, 0.940386681, 0.939285714, 0.939247744, 0.885458258, 0.060714286, 0.156743417, 9.263513769]
(1184,58)	[3, 0.85, 0.85, 0.942857143, 0.850071443, 0.85, 0.849992347, 0.73912037, 0.15, 0.700732112, 7.138239486]
(1185,58)	[3, 0.932142857, 0.932142857, 0.980918367, 0.932694764, 0.932142857, 0.932121212, 0.87287415, 0.067857143, 0.190930437, 5.325439998]
(1186,58)	[3, 0.892857143, 0.892857143, 0.96877551, 0.894144144, 0.892857143, 0.892769608, 0.806322629, 0.107142857, 0.239054594, 4.873491185]
(1188,58)	[3, 0.871428571, 0.871428571, 0.980408163, 0.891903531, 0.871428571, 0.869727047, 0.769791161, 0.128571429, 0.276589802, 7.023983342]
(1190,58)	[3, 0.95, 0.95, 0.988877551, 0.950828052, 0.95, 0.94997703, 0.904722222, 0.05, 0.146412063, 4.992352213]
(1192,58)	[3, 0.932142857, 0.932142857, 0.980153061, 0.932694764, 0.932142857, 0.932121212, 0.87287415, 0.067857143, 0.181872657, 4.298504761]
(1194,58)	[3, 0.914285714, 0.914285714, 0.976326531, 0.914285714, 0.914285714, 0.914285714, 0.842105263, 0.085714286, 0.211097718, 14.40836532]
(1195,58)	[3, 0.942857143, 0.942857143, 0.981479592, 0.944307944, 0.942857143, 0.942810458, 0.891812865, 0.057142857, 0.189098295, 4.617993321]
(1527,58)	[3, 1.0, 1.0, 1.0, 1.0, 1.0, 1.0, 1.0, 0.0, 0.001461226, 6.231897218]
(1602,58)	[3, 0.910714286, 0.910714286, 0.978673469, 0.918420916, 0.910714286, 0.91030126, 0.835426919, 0.089285714, 0.270495456, 4.323888677]
(1569,59)	[3, 0.861122165, 0.868767941, 0.921059084, 0.8733688, 0.861122165, 0.861501276, 0.756728235, 0.138877835, 3.524424636, 7.366030803]
(577,60)	[3, 0.944723618, 0.943551647, 0.989968668, 0.948284111, 0.944723618, 0.944546868, 0.894946672, 0.055276382, 0.171198237, 1.435744703]
(1575,60)	[3, 0.974874372, 0.975237518, 0.995755003, 0.97532511, 0.974874372, 0.974878179, 0.950987756, 0.025125628, 0.090546041, 1.222430162]
(1576,60)	[3, 0.979899497, 0.980013139, 0.998307055, 0.979953059, 0.979899497, 0.979901529, 0.960595344, 0.020100503, 0.055140078, 1.412458755]
(1577,60)	[3, 0.967336683, 0.967758237, 0.993733576, 0.967943869, 0.967336683, 0.967341014, 0.936747891, 0.032663317, 0.122345794, 1.369088738]
(1578,60)	[3, 0.977386935, 0.97743582, 0.997877502, 0.977401851, 0.977386935, 0.97738822, 0.955776903, 0.022613065, 0.059914694, 1.474254095]
(1579,60)	[3, 0.979899497, 0.980139478, 0.997346877, 0.980103548, 0.979899497, 0.979902544, 0.960597161, 0.020100503, 0.072433594, 1.643580408]
(1580,60)	[3, 0.957286432, 0.957069941, 0.993657772, 0.957374321, 0.957286432, 0.957275905, 0.918056363, 0.042713568, 0.105964843, 2.027995023]
(1581,60)	[3, 0.954773869, 0.955124318, 0.993556701, 0.955221562, 0.954773869, 0.954780722, 0.913474446, 0.045226131, 0.11369705, 2.375950166]
(1582,60)	[3, 0.959798995, 0.960026279, 0.993834647, 0.960005076, 0.959798995, 0.959805087, 0.922717228, 0.040201005, 0.109924942, 2.885716644]
(1588,60)	[3, 0.942211055, 0.941858702, 0.974732161, 0.942454354, 0.942211055, 0.942183655, 0.890695399, 0.057788945, 0.202402404, 1.501470954]
(1590,60)	[3, 0.932160804, 0.932812816, 0.978118051, 0.933576768, 0.932160804, 0.932156093, 0.872932961, 0.067839196, 0.205690525, 1.862955453]
(1592,60)	[3, 0.881909548, 0.879244997, 0.983828583, 0.898390311, 0.881909548, 0.88032468, 0.786568959, 0.118090452, 0.303762048, 1.241122658]
(1594,60)	[3, 0.889447236, 0.887734991, 0.958358601, 0.895888605, 0.889447236, 0.888788598, 0.799985562, 0.110552764, 0.55119841, 1.373466535]
(1595,60)	[3, 0.927135678, 0.927026481, 0.968111987, 0.927137266, 0.927135678, 0.927130615, 0.864166393, 0.072864322, 0.37802433, 1.383773047]
(1647,63)	[3, 0.907483795, 0.915120634, 0.994857826, 0.913897963, 0.907483795, 0.90829665, 0.834539075, 0.092516205, 0.29737785, 15.36701958]
(1648,63)	[3, 0.929876252, 0.930138947, 0.995935087, 0.931998044, 0.929876252, 0.929549656, 0.870100405, 0.070123748, 0.234348321, 15.34579302]
(1649,63)	[3, 0.931054803, 0.933662907, 0.996959363, 0.936198611, 0.931054803, 0.93187926, 0.874601589, 0.068945197, 0.220318118, 15.54802929]
(1658,63)	[0, 0.8976, 0.8976, 0.994186667, 0.902308156, 0.8976, 0.897552223, 0.815774013, 0.1024, 0.317543279, 15.18294952]
(1659,63)	[3, 0.885091338, 0.875924885, 0.992959658, 0.895971868, 0.885091338, 0.885481142, 0.798986422, 0.114908662, 0.347994954, 15.39452398]
(1660,63)	[3, 0.935179729, 0.933741063, 0.996039709, 0.935878334, 0.935179729, 0.935131585, 0.879842004, 0.064820271, 0.228598349, 15.48716821]
(1661,63)	[3, 0.893930466, 0.895026302, 0.994059837, 0.89709194, 0.893930466, 0.894521056, 0.811985091, 0.106069534, 0.307306106, 15.37528316]
(1662,63)	[3, 0.913965822, 0.913414162, 0.994491222, 0.91682113, 0.913965822, 0.914524682, 0.844616035, 0.086034178, 0.290108325, 15.49011255]
(1664,63)	[3, 0.934001179, 0.935516258, 0.996335427, 0.935172846, 0.934001179, 0.934192589, 0.878196963, 0.065998821, 0.211586224, 15.42565158]
(1666,63)	[3, 0.929876252, 0.931191648, 0.995867873, 0.933762144, 0.929876252, 0.930410397, 0.871419797, 0.070123748, 0.238418339, 15.40630511]
(1668,63)	[3, 0.919269299, 0.921498583, 0.996024376, 0.924216942, 0.919269299, 0.919729661, 0.853725894, 0.080730701, 0.265332021, 15.45807749]
(1671,63)	[3, 0.916322923, 0.913674577, 0.995321774, 0.919303385, 0.916322923, 0.916226221, 0.847622387, 0.083677077, 0.267678562, 15.46859235]
(1694,64)	[3, 0.899866667, 0.899866667, 0.976833477, 0.902379066, 0.899866667, 0.899890272, 0.818448527, 0.100133333, 2.145065316, 0.977950112]
(1695,64)	[3, 0.807666667, 0.807666667, 0.94920021, 0.833543425, 0.807666667, 0.802649065, 0.672376394, 0.192333333, 4.570394311, 1.063204861]
(1719,65)	[2, 0.81092437, 0.771307438, 0.853234462, 0.809946323, 0.81092437, 0.804952155, 0.679858137, 0.18907563, 3.630257863, 5.071950894]
(1777,68)	[3, 0.809355693, 0.817474625, 0.982022301, 0.864190273, 0.809355693, 0.794017023, 0.683177691, 0.190644307, 0.697086485, 1.107278695]
(1800,69)	[3, 0.814202335, 0.813543059, 0.894057997, 0.830549452, 0.814202335, 0.81172151, 0.683693403, 0.185797665, 0.432705569, 1.693727673]
(1803,69)	[3, 0.835603113, 0.835160322, 0.88851079, 0.843174274, 0.835603113, 0.834602384, 0.716378015, 0.164396887, 0.41679458, 1.938729898]
(1804,69)	[3, 0.804474708, 0.804155768, 0.861246011, 0.807882167, 0.804474708, 0.803851775, 0.672191996, 0.195525292, 0.454558919, 2.062262496]
(1805,69)	[3, 0.810311284, 0.809833565, 0.866100527, 0.818451868, 0.810311284, 0.808975332, 0.679550444, 0.189688716, 0.464350777, 2.455591228]
(1807,69)	[3, 0.829766537, 0.829732349, 0.901486447, 0.829788082, 0.829766537, 0.829757676, 0.709051883, 0.170233463, 0.412221529, 3.205862491]
(1813,69)	[3, 0.836575875, 0.836524886, 0.909738178, 0.836642594, 0.836575875, 0.836558552, 0.719044242, 0.163424125, 0.377159289, 1.929381478]
(1815,69)	[3, 0.803501946, 0.802734427, 0.885535624, 0.825384985, 0.803501946, 0.799947799, 0.667454709, 0.196498054, 0.457551434, 2.157712493]
